TABLE 16A.—UPDATED PROXY HOSPITAL VALUE-BASED PURCHASING PROGRAM (VBP) ADJUSTMENT FACTORS FOR FY 2018*					
CMS Certification Number (CCN)	Proxy FY 2018 Hospital VBP Adjustment Factor				
010001	0.9992347162				
010005	0.9976488752				
010006	0.9966769082				
010007	0.9982243820				
010011	0.9970861575				
010012	1.0034295213				
010016	0.9948864426				
010019	0.9941702563				
010021	0.9978407108				
010022	1.0056710912				
010023	0.9922774784				
010024	0.9966769082				
010029	1.0079824196				
010033	1.0097728852				
010034	1.0129957232				
010035	1.0016390557				
010036	1.0066523594				
010038	0.9999509024				
010039	1.0006670887				
010040	0.9983139053				
010044	1.0235292416				
010045	1.0197099692				
010046	1.0026621789				
010047	1.0070662592				
010049	0.9944771933				
010052	1.0101356288				
010055	1.0011274941				
010056	0.9980581245				
010059	1.0116528740				
010061	1.0040433952				
010062	0.9955386836				
010069	1.0012937516				
010073	0.9961141904				
010078	0.9992347162				
010079	1.0059361731				
010083	1.0100798221				
010085	0.9962165027				
010086	1.0028284364				
010087	1.0038728747				
010089	0.9988766231				
010090	0.9938633194				
010091	0.9974570396				
010092	0.9921240099				
010097	1.0106936960				
010099	0.9880570952				
010100	1.0028668035				
010101	0.9905509580				
010103	0.9972907821				
010104	1.0049130499				
010108	1.0099263536				
010112	0.9892081088				
010113	0.9993370285				
010114	1.0004113079				
010118	0.9997769715				
010120	0.9984162176				
010125	1.0154895860				
010126	1.0014855872				
010129	1.0039794500				
010130	1.0160650928				
010131	0.9969838451				
010139	0.9968815328				
010144	1.0006670887				
010146	0.9964629824				
010148	1.0097345180				
010149	1.0084428250				
010150	1.0005264092				
010157	0.9978023437				
010158	0.9982243820				
010164	1.0003089955				
010168	1.0026017216				
010169	1.0147222436				
020001	0.9959095658				
020006	1.0124023118				
020008	0.9997590668				
020012	1.0165254983				
020017	1.0116145069				
020024	1.0009100804				
020026	1.0008205571				
030001	0.9963699712				
030002	0.9964211274				
030006	0.9902312320				
030007	1.0020176113				
030010	0.9934540701				
030011	0.9979046560				
030012	0.9932494455				
030013	0.9969326890				
030014	0.9955514727				
030016	1.0054246115				
030022	0.9971884698				
030023	1.0036853021				
030024	0.9975465629				
030030	0.9905893251				
030033	1.0035318336				
030036	0.9976488752				
030037	0.9927378839				
030038	0.9971884698				
030043	0.9974954067				
030055	1.0000532147				
030061	1.0112564138				
030062	1.0158604682				
030064	0.9944260371				
030065	1.0034806775				
030068	1.0120888640				
030069	1.0055269239				
030073	1.0187856704				
030078	1.0201808384				
030083	0.9995928093				
030084	1.0207389056				
030085	0.9940167879				
030087	0.9945795056				
030088	1.0026110227				
030089	0.9968815328				
030092	0.9935563824				
030093	1.0026621789				
030094	0.9949375987				
030101	1.0008614821				
030103	1.0187763693				
030105	1.0079312634				
030107	1.0268776449				
030110	0.9989789354				
030111	0.9931471331				
030112	1.0042759232				
030114	0.9965848271				
030115	1.0121260685				
030117	1.0106936960				
030118	0.9980325464				
030119	1.0039922391				
030120	0.9825113024				
030121	0.9960630343				
030122	0.9978534999				
030123	1.0012605001				
030130	1.0085792414				
030131	1.0003694528				
030134	1.0316212161				
040001	0.9911264648				
040002	0.9943876700				
040004	0.9972907821				
040007	0.9868549254				
040010	1.0070104525				
040011	1.0199018048				
040014	1.0039410829				
040015	0.9947713412				
040016	1.0006670887				
040017	1.0045549568				
040018	1.0146001664				
040019	1.0047084253				
040020	0.9938633194				
040022	1.0003089955				
040026	0.9910497306				
040027	0.9952445357				
040029	1.0049130499				
040036	0.9935052263				
040039	0.9982627491				
040041	1.0030714282				
040051	1.0101181892				
040055	0.9936075386				
040062	1.0027133351				
040067	0.9901672868				
040069	1.0024447652				
040071	0.9934029139				
040072	1.0101181892				
040074	1.0012809626				
040076	1.0024447652				
040078	0.9927378839				
040084	1.0017822930				
040085	1.0170242708				
040088	0.9991017102				
040114	0.9920728538				
040118	1.0004624640				
040119	0.9964722835				
040134	1.0162185613				
040137	0.9911264648				
040147	1.0288308801				
040152	0.9989742848				
040153	0.9930448208				
050002	1.0000532147				
050006	1.0007694010				
050007	1.0117679754				
050008	0.9958072535				
050009	1.0026110227				
050013	1.0041457075				
050014	0.9998281276				
050017	1.0058338608				
050018	0.9971373136				
050022	0.9953980042				
050025	0.9984673738				
050026	0.9943237248				
050028	1.0037876144				
050030	1.0231860303				
050036	0.9902312320				
050038	0.9963699712				
050039	0.9977000314				
050040	1.0004624640				
050042	1.0092613236				
050043	1.0026621789				
050045	0.9955514727				
050047	1.0032760528				
050054	0.9964722835				
050055	1.0073173895				
050056	0.9937610071				
050057	0.9984673738				
050058	1.0022017735				
050060	0.9936586947				
050063	0.9985185299				
050067	0.9878129408				
050069	0.9971373136				
050070	1.0090566989				
050071	1.0072150772				
050072	1.0110347371				
050073	1.0187422652				
050075	1.0072150772				
050076	1.0160139367				
050077	1.0005136202				
050078	0.9994904970				
050082	0.9984673738				
050084	1.0028156474				
050089	0.9899447575				
050090	1.0104146624				
050091	0.9957049411				
050093	0.9919705415				
050099	0.9989277792				
050100	0.9966257520				
050101	0.9951933795				
050102	0.9942214125				
050103	1.0000532147				
050104	0.9962165027				
050107	1.0051176746				
050108	0.9987231546				
050110	1.0019971488				
050112	1.0086986058				
050113	0.9996439655				
050115	0.9939144755				
050116	0.9990300915				
050118	0.9931982893				
050121	0.9988766231				
050122	0.9928913523				
050124	0.9948352864				
050125	0.9999509024				
050126	1.0010251818				
050127	1.0027747225				
050129	0.9928913523				
050131	1.0110773672				
050132	1.0063454224				
050133	1.0005136202				
050136	1.0063454224				
050137	1.0074879100				
050138	0.9980069683				
050139	1.0016220037				
050140	1.0083064086				
050145	1.0036341459				
050149	0.9909815224				
050150	1.0005647763				
050152	0.9985696861				
050153	0.9905893251				
050158	1.0001427380				
050159	0.9954491603				
050167	0.9925503113				
050168	0.9951422234				
050169	1.0026621789				
050174	0.9932494455				
050179	1.0061407978				
050180	1.0005647763				
050189	1.0109727296				
050191	0.9970350013				
050192	1.0006484864				
050194	1.0035829898				
050195	1.0022529296				
050197	1.0015878995				
050204	0.9997462778				
050211	0.9959607219				
050222	1.0005647763				
050224	1.0030202720				
050225	1.0128934109				
050226	0.9984673738				
050228	0.9967280643				
050230	1.0055269239				
050231	0.9990812477				
050232	0.9995416531				
050234	1.0257615105				
050235	0.9889523280				
050236	1.0022017735				
050238	1.0057827047				
050239	1.0048107376				
050242	0.9980069683				
050243	0.9892081088				
050245	0.9882872979				
050248	0.9959095658				
050254	1.0144280957				
050257	0.9964629824				
050261	0.9900777635				
050262	1.0044014883				
050272	1.0017925242				
050276	0.9968815328				
050278	1.0015878995				
050279	1.0079312634				
050280	0.9883896102				
050281	0.9996439655				
050283	1.0008717133				
050289	1.0027133351				
050290	1.0011274941				
050291	1.0073071582				
050292	0.9940679440				
050295	0.9981092807				
050296	1.0019971488				
050298	0.9966257520				
050300	1.0035318336				
050301	1.0103867591				
050305	0.9906404813				
050308	1.0034806775				
050309	1.0005647763				
050313	0.9998485901				
050315	0.9875029035				
050320	0.9929936647				
050324	1.0015878995				
050327	0.9970350013				
050329	0.9942725687				
050334	0.9940679440				
050335	1.0075731703				
050336	1.0012809626				
050342	0.9952445357				
050348	0.9976488752				
050350	0.9982320554				
050351	1.0079312634				
050352	1.0171393722				
050353	1.0038387706				
050357	1.0104146624				
050359	0.9933517578				
050360	1.0001555271				
050367	0.9953980042				
050373	0.9986208423				
050376	0.9954150562				
050380	0.9957560973				
050382	1.0002578394				
050390	0.9900777635				
050393	1.0019971488				
050394	0.9929425085				
050396	1.0069592964				
050407	1.0109494768				
050411	1.0142405231				
050414	0.9995518844				
050417	1.0156046874				
050423	0.9864177728				
050424	1.0164231860				
050425	1.0068740361				
050426	0.9947738990				
050438	1.0060896416				
050441	0.9995416531				
050444	1.0009228695				
050454	1.0071639210				
050455	0.9940679440				
050457	1.0041457075				
050464	0.9939656317				
050468	0.9996746592				
050471	0.9984162176				
050481	1.0051176746				
050485	0.9963188151				
050488	0.9980581245				
050492	0.9962676589				
050496	0.9990812477				
050498	1.0006773199				
050502	0.9992858723				
050503	1.0037876144				
050506	0.9944260371				
050510	1.0106118462				
050512	1.0093431734				
050515	1.0079653675				
050516	1.0041457075				
050517	0.9958584096				
050523	0.9976386440				
050526	0.9982627491				
050528	1.0118447096				
050534	0.9931982893				
050537	1.0121772247				
050541	0.9985526340				
050543	0.9994393408				
050549	0.9986719984				
050551	0.9891569527				
050557	0.9996951216				
050561	1.0124671096				
050567	0.9992858723				
050568	1.0078801072				
050570	0.9929936647				
050573	0.9991835600				
050575	1.0031737405				
050580	0.9974954067				
050581	0.9949375987				
050586	1.0125353178				
050588	0.9997974339				
050589	0.9977511875				
050590	1.0099263536				
050597	1.0009228695				
050599	1.0029179597				
050603	1.0005647763				
050604	1.0115804028				
050608	0.9984162176				
050609	1.0199700131				
050616	1.0004317703				
050624	1.0004624640				
050625	1.0021506173				
050633	1.0007182448				
050636	0.9948250552				
050641	1.0012809626				
050663	1.0042787136				
050674	1.0130127753				
050677	1.0090566989				
050678	1.0019971488				
050684	0.9992858723				
050686	1.0020994611				
050688	0.9955310102				
050689	0.9931573644				
050690	1.0083064086				
050696	0.9984844258				
050697	1.0369228545				
050701	0.9939656317				
050704	1.0049539749				
050708	1.0293889473				
050709	1.0046368067				
050710	1.0113757782				
050714	1.0193437376				
050717	1.0012809626				
050723	1.0208567198				
050724	0.9989277792				
050726	1.0254824769				
050727	0.9915305985				
050735	0.9949887549				
050736	0.9893615773				
050737	1.0046572691				
050738	0.9996439655				
050739	1.0058338608				
050740	1.0054041491				
050742	0.9975363317				
050744	0.9920728538				
050745	0.9816742016				
050746	0.9924821031				
050747	0.9940508920				
050748	1.0077607429				
050755	1.0050869809				
050757	0.9948864426				
050758	0.9878439445				
050760	1.0154000628				
050761	1.0018436803				
050764	0.9995928093				
050765	0.9957560973				
050769	1.0185066368				
050770	0.9990812477				
050771	0.9985696861				
050772	1.0151272299				
050773	0.9962676589				
050775	0.9991835600				
050776	0.9939144755				
050777	1.0096023646				
050778	1.0003192268				
060001	1.0043503322				
060003	0.9984673738				
060004	1.0076243264				
060006	1.0021506173				
060008	0.9941958344				
060009	1.0040945514				
060010	1.0069592964				
060011	1.0010251818				
060012	1.0052711431				
060013	1.0054041491				
060014	0.9994393408				
060015	0.9966769082				
060016	1.0083916688				
060020	1.0058338608				
060022	0.9935563824				
060023	0.9956026288				
060024	1.0004624640				
060027	0.9983650615				
060028	1.0036682501				
060030	0.9952956919				
060031	0.9930448208				
060032	1.0057315485				
060034	0.9956026288				
060036	1.0041712856				
060044	0.9949631768				
060049	1.0149140792				
060054	0.9933517578				
060064	1.0055269239				
060065	0.9953980042				
060075	1.0041968637				
060076	0.9963060260				
060096	1.0176695360				
060100	1.0041457075				
060103	1.0048339904				
060104	1.0022426984				
060112	0.9991324039				
060113	0.9972907821				
060114	1.0000532147				
060116	0.9986208423				
060117	1.0215760064				
060118	1.0148792000				
060119	1.0025087104				
060124	1.0173905024				
060125	0.9945097472				
060126	1.0296679809				
070002	1.0013321187				
070003	0.9984162176				
070004	1.0060256964				
070005	0.9917147607				
070006	0.9993881847				
070007	0.9990300915				
070008	0.9980325464				
070010	1.0048107376				
070011	0.9965234397				
070012	0.9967280643				
070016	0.9937098509				
070017	0.9997462778				
070018	1.0035829898				
070019	0.9995928093				
070020	1.0006159325				
070021	1.0037876144				
070022	1.0020483050				
070024	1.0115121946				
070025	0.9925332592				
070027	0.9967792205				
070028	0.9950910672				
070029	1.0044014883				
070031	1.0054246115				
070033	0.9937098509				
070034	0.9971884698				
070035	0.9962676589				
070036	0.9926867277				
080001	1.0012298064				
080003	1.0009842569				
080004	1.0010763379				
080006	1.0097728852				
080007	0.9988254669				
080009	1.0023143170				
090001	0.9982115930				
090003	1.0044014883				
090004	0.9913566675				
090005	1.0011786503				
090006	0.9959095658				
090008	0.9988459294				
090011	0.9894638896				
100001	0.9918170730				
100002	0.9969326890				
100006	0.9968303767				
100007	1.0057827047				
100008	0.9996439655				
100009	0.9936586947				
100012	0.9912543552				
100014	0.9915101360				
100017	0.9920216976				
100018	0.9965234397				
100019	0.9973419383				
100022	0.9924309469				
100023	0.9916124483				
100025	0.9942725687				
100026	0.9956026288				
100028	1.0057315485				
100029	0.9985696861				
100030	0.9945795056				
100032	0.9924821031				
100034	1.0043503322				
100035	0.9870595501				
100038	1.0024063981				
100039	0.9944771933				
100040	1.0049642061				
100043	1.0046572691				
100044	0.9957049411				
100045	1.0024063981				
100046	1.0006159325				
100047	0.9870083939				
100048	1.0099263536				
100049	0.9988254669				
100050	0.9900777635				
100051	0.9945795056				
100052	0.9960118781				
100053	1.0007694010				
100054	1.0078801072				
100055	1.0071025336				
100057	0.9999509024				
100062	0.9949375987				
100063	1.0044014883				
100067	1.0036853021				
100068	0.9979046560				
100069	0.9994393408				
100070	0.9948352864				
100071	0.9872641747				
100072	0.9981604368				
100073	0.9955003165				
100075	1.0019971488				
100077	0.9967280643				
100080	0.9933006016				
100081	0.9951550124				
100084	0.9923286346				
100086	1.0041968637				
100087	1.0061919539				
100088	1.0041968637				
100090	0.9997462778				
100092	0.9970350013				
100093	1.0010763379				
100099	0.9926662652				
100102	1.0055269239				
100105	0.9892592650				
100106	0.9918938072				
100107	1.0031737405				
100109	0.9959607219				
100110	1.0011786503				
100113	0.9943237248				
100117	0.9994393408				
100118	0.9980581245				
100121	0.9991835600				
100122	0.9992858723				
100124	1.0025087104				
100125	0.9956537850				
100126	0.9975465629				
100127	0.9982627491				
100128	0.9995928093				
100130	1.0012809626				
100131	0.9972396259				
100132	1.0012809626				
100135	0.9973930944				
100137	0.9948352864				
100140	1.0046061130				
100142	1.0022017735				
100150	0.9946306618				
100151	1.0117168192				
100154	1.0018948365				
100156	1.0005647763				
100157	0.9873664870				
100161	0.9962676589				
100166	1.0001555271				
100167	1.0060896416				
100168	0.9950399111				
100173	0.9956537850				
100175	0.9982243820				
100176	1.0057315485				
100177	1.0071127648				
100179	1.0024063981				
100180	0.9957049411				
100181	1.0097728852				
100183	0.9997974339				
100187	0.9942725687				
100189	1.0015367434				
100191	0.9990300915				
100200	0.9939144755				
100204	0.9948352864				
100206	1.0035113712				
100209	1.0057315485				
100211	0.9992858723				
100212	0.9909474183				
100213	0.9964722835				
100217	0.9969326890				
100220	0.9949887549				
100223	0.9952956919				
100224	1.0001043709				
100226	0.9993881847				
100228	1.0016902119				
100230	1.0064988909				
100231	0.9969326890				
100232	0.9968815328				
100234	0.9910497306				
100236	0.9968815328				
100238	0.9969326890				
100242	0.9980581245				
100243	1.0001555271				
100244	0.9979558122				
100246	0.9949887549				
100248	0.9960118781				
100249	0.9911725054				
100252	1.0055883113				
100253	1.0042480199				
100254	0.9970861575				
100255	0.9952547669				
100256	0.9930959770				
100258	0.9935563824				
100259	0.9996439655				
100260	0.9953980042				
100264	0.9968815328				
100265	0.9993370285				
100266	1.0061407978				
100267	1.0033272090				
100268	0.9978534999				
100269	0.9965745959				
100275	0.9946306618				
100276	0.9973930944				
100281	1.0024063981				
100284	0.9976488752				
100285	1.0015878995				
100286	0.9971884698				
100287	0.9938633194				
100288	0.9896378206				
100289	1.0069081402				
100290	0.9933517578				
100291	1.0042787136				
100292	1.0034704462				
100296	1.0039717766				
100299	0.9988356981				
100302	0.9964006649				
100307	1.0000020586				
100313	1.0085835044				
100314	1.0126887863				
100315	1.0067546717				
100316	1.0052199869				
100319	1.0134049725				
100320	0.9975465629				
100321	1.0121260685				
110001	1.0018436803				
110002	1.0032351279				
110003	1.0015367434				
110004	0.9961141904				
110005	1.0005136202				
110006	1.0008717133				
110007	0.9882872979				
110008	1.0013321187				
110010	1.0082382004				
110011	1.0017925242				
110015	1.0050153623				
110016	1.0073685456				
110018	0.9954286979				
110023	1.0156558436				
110024	0.9967792205				
110025	0.9996951216				
110026	1.0066651484				
110028	0.9960630343				
110029	1.0003601517				
110030	1.0068058279				
110031	0.9878780486				
110032	1.0027644912				
110034	0.9921240099				
110035	0.9955003165				
110036	0.9931982893				
110038	0.9964211274				
110039	0.9997974339				
110040	0.9886326020				
110041	0.9978407108				
110042	1.0048312001				
110043	0.9936075386				
110044	1.0068569840				
110045	1.0028284364				
110046	0.9952445357				
110051	1.0134433396				
110054	0.9962165027				
110064	0.9924309469				
110069	1.0063965786				
110071	1.0140420992				
110073	0.9992533184				
110074	1.0057315485				
110075	0.9989789354				
110076	0.9897196704				
110078	1.0032760528				
110079	0.9978023437				
110082	1.0014344311				
110083	1.0027133351				
110086	1.0170242708				
110087	0.9938633194				
110089	1.0112052576				
110091	0.9982627491				
110092	0.9995672312				
110095	1.0035829898				
110104	1.0066012032				
110105	1.0043094073				
110107	0.9896685143				
110109	1.0108855316				
110111	1.0115307968				
110115	0.9938121632				
110121	1.0078161620				
110122	0.9996951216				
110124	1.0013321187				
110125	1.0092101674				
110128	1.0034192901				
110129	0.9898219827				
110132	1.0105018604				
110135	0.9974570396				
110142	1.0170242708				
110143	0.9968303767				
110146	1.0009275200				
110150	1.0090669301				
110153	1.0101181892				
110161	1.0033783651				
110164	0.9963188151				
110165	0.9926355715				
110168	1.0108471645				
110177	0.9965745959				
110184	0.9980069683				
110187	0.9936203276				
110189	1.0043631212				
110191	0.9942214125				
110192	1.0008717133				
110194	1.0221340736				
110198	0.9954082354				
110200	1.0134840320				
110201	1.0016902119				
110215	0.9971884698				
110225	1.0134049725				
110226	0.9991324039				
110229	1.0059873293				
110230	1.0110006330				
110233	1.0023722940				
120001	1.0062431101				
120002	1.0078289511				
120004	1.0106936960				
120005	1.0064988909				
120006	1.0143257834				
120007	1.0017925242				
120011	1.0156558436				
120014	1.0125353178				
120019	1.0133538164				
120022	1.0092613236				
120026	1.0111541015				
120028	1.0118098304				
130002	1.0090055428				
130003	0.9996132718				
130006	1.0079312634				
130007	0.9969326890				
130013	1.0094454857				
130014	1.0042377886				
130018	0.9981092807				
130025	0.9978023437				
130028	1.0031225843				
130049	0.9991324039				
130063	1.0344115521				
130065	1.0012065536				
130066	1.0207389056				
140001	0.9993753956				
140002	1.0040945514				
140007	1.0016902119				
140008	0.9938121632				
140010	1.0030202720				
140011	1.0033783651				
140012	1.0067930388				
140013	0.9947841303				
140015	1.0009740256				
140018	0.9903847005				
140029	0.9958072535				
140030	1.0092613236				
140032	1.0047084253				
140034	1.0153489066				
140040	0.9998485901				
140043	0.9996951216				
140046	0.9950910672				
140048	0.9973419383				
140049	1.0042480199				
140052	1.0035318336				
140053	0.9948864426				
140054	0.9942214125				
140058	1.0048107376				
140059	0.9981604368				
140062	1.0076754826				
140063	1.0082382004				
140064	0.9972907821				
140065	1.0114610384				
140067	1.0000020586				
140068	0.9950399111				
140077	0.9942307136				
140080	0.9938121632				
140082	0.9978023437				
140083	0.9965745959				
140084	0.9957049411				
140088	1.0002066832				
140089	1.0012937516				
140091	0.9948352864				
140093	1.0023808200				
140095	1.0086986058				
140100	1.0194516306				
140101	1.0004624640				
140103	0.9991221726				
140110	0.9964211274				
140113	1.0043503322				
140114	0.9998997463				
140115	0.9937610071				
140116	1.0029179597				
140117	1.0028668035				
140118	0.9978023437				
140119	1.0091078551				
140120	0.9908706840				
140122	1.0119214439				
140124	1.0096194167				
140125	0.9931471331				
140127	1.0060384855				
140130	1.0026519477				
140133	0.9979046560				
140135	1.0033272090				
140137	0.9980325464				
140143	0.9989917244				
140145	1.0210528184				
140147	0.9993753956				
140148	0.9938121632				
140150	0.9964722835				
140155	1.0092920172				
140158	0.9989789354				
140160	0.9923797907				
140161	1.0279937793				
140162	1.0112564138				
140164	1.0074197018				
140166	1.0023347795				
140172	0.9951422234				
140174	1.0012809626				
140176	1.0007694010				
140177	1.0002578394				
140179	1.0008717133				
140180	1.0089543866				
140181	0.9973726320				
140182	0.9986719984				
140184	1.0013321187				
140185	1.0118702877				
140186	1.0015367434				
140187	0.9933517578				
140189	0.9997462778				
140191	1.0068569840				
140197	0.9900452096				
140200	1.0055780800				
140202	0.9981092807				
140206	0.9926151091				
140208	0.9963188151				
140209	1.0010763379				
140210	1.0093124797				
140211	0.9959095658				
140213	1.0095682605				
140217	0.9975056380				
140223	0.9979046560				
140224	1.0051176746				
140228	0.9965745959				
140231	1.0037876144				
140233	0.9945283495				
140234	1.0037876144				
140239	0.9922263223				
140240	0.9986003798				
140242	0.9958072535				
140250	0.9965745959				
140251	0.9933517578				
140252	0.9917659168				
140258	1.0076754826				
140275	1.0014216420				
140276	0.9995928093				
140280	1.0002578394				
140281	1.0043503322				
140286	0.9944771933				
140288	1.0032760528				
140289	0.9921853973				
140290	1.0052199869				
140291	0.9995416531				
140292	0.9984673738				
140294	0.9976488752				
140304	0.9987743107				
150001	1.0043631212				
150002	1.0072150772				
150004	0.9963188151				
150005	1.0049948998				
150007	1.0002066832				
150008	1.0069899900				
150009	0.9966257520				
150010	0.9966769082				
150011	1.0028668035				
150012	0.9904358567				
150015	0.9923797907				
150017	0.9943748810				
150018	1.0064477347				
150021	0.9972907821				
150022	1.0055141348				
150023	1.0005647763				
150024	1.0019971488				
150026	1.0049437436				
150030	1.0128934109				
150034	1.0089032304				
150035	1.0013321187				
150037	1.0068569840				
150042	1.0011786503				
150044	1.0025598666				
150045	0.9953468480				
150046	1.0006875511				
150047	0.9929936647				
150048	1.0071639210				
150051	1.0001043709				
150056	0.9946306618				
150057	1.0089032304				
150058	1.0001555271				
150059	1.0036546084				
150061	0.9943876700				
150064	1.0078161620				
150065	1.0077777949				
150069	1.0087497620				
150072	0.9880826733				
150074	1.0052711431				
150075	0.9947713412				
150082	0.9968303767				
150084	0.9930448208				
150086	0.9997053529				
150088	0.9991324039				
150089	0.9973419383				
150090	0.9992858723				
150091	1.0175997776				
150097	1.0089671756				
150100	0.9969838451				
150101	1.0168324352				
150104	0.9995672312				
150109	1.0000020586				
150112	1.0019971488				
150113	0.9998997463				
150115	1.0120237562				
150125	1.0037364583				
150126	0.9900266074				
150128	0.9951933795				
150133	0.9911264648				
150146	1.0078161620				
150149	1.0072150772				
150150	1.0055269239				
150153	1.0070104525				
150157	1.0028668035				
150158	1.0082893565				
150160	1.0285518465				
150161	1.0008717133				
150162	0.9990300915				
150165	0.9959223548				
150166	1.0020436544				
150167	1.0157163008				
150168	1.0104146624				
150169	0.9934029139				
150172	1.0048339904				
150173	0.9994393408				
150175	1.0114610384				
150177	1.0319002497				
150181	1.0012065536				
150182	1.0112517632				
160005	1.0047467924				
160008	0.9995672312				
160013	1.0010251818				
160016	1.0019050677				
160024	1.0052711431				
160028	1.0024575543				
160029	1.0175997776				
160030	1.0029179597				
160032	1.0039794500				
160033	0.9961653466				
160040	0.9867142460				
160045	1.0076754826				
160047	1.0042480199				
160057	1.0072150772				
160058	0.9953980042				
160064	0.9959607219				
160067	0.9964722835				
160069	1.0133538164				
160079	1.0085962935				
160080	0.9984162176				
160082	0.9965234397				
160083	0.9942214125				
160089	1.0018692584				
160101	0.9886500416				
160104	1.0092306299				
160110	1.0018436803				
160112	1.0120365452				
160117	1.0073173895				
160122	1.0133793944				
160124	1.0057059704				
160146	1.0004624640				
160147	1.0183671200				
160153	0.9886965472				
170006	0.9977128204				
170009	1.0116528740				
170012	0.9953980042				
170013	1.0027133351				
170014	1.0128038876				
170016	0.9920728538				
170017	1.0011019160				
170020	0.9996439655				
170023	1.0036853021				
170027	0.9982243820				
170040	1.0005136202				
170049	0.9998997463				
170058	1.0018692584				
170068	0.9998485901				
170074	1.0072406552				
170086	0.9973419383				
170094	1.0237385168				
170103	1.0095426824				
170104	1.0092613236				
170105	1.0105018604				
170109	1.0131875588				
170120	1.0014855872				
170122	0.9940679440				
170123	0.9968303767				
170133	1.0083916688				
170137	1.0093124797				
170142	0.9965745959				
170145	0.9926611496				
170146	1.0024063981				
170150	1.0056710912				
170175	1.0051944088				
170176	1.0027133351				
170182	0.9947841303				
170183	1.0249244097				
170185	1.0120237562				
170186	1.0175997776				
170187	1.0263195777				
170188	1.0215760064				
170190	1.0285518465				
170191	0.9893999444				
170196	1.0062291584				
170197	1.0060896416				
170200	0.9915101360				
170203	1.0218550400				
180001	0.9953980042				
180002	1.0216411143				
180004	0.9920856428				
180005	0.9977000314				
180009	0.9984673738				
180010	0.9922263223				
180011	1.0075936327				
180012	0.9981604368				
180013	0.9931982893				
180016	0.9915101360				
180017	0.9927071902				
180018	1.0055780800				
180019	1.0047595815				
180020	1.0099263536				
180021	1.0202854760				
180024	0.9984162176				
180025	1.0074324908				
180027	0.9971884698				
180029	0.9971884698				
180035	1.0078801072				
180036	1.0057827047				
180038	0.9925844154				
180040	0.9956537850				
180043	1.0147222436				
180044	1.0045038007				
180045	0.9963699712				
180046	1.0037178560				
180048	0.9969838451				
180049	1.0062431101				
180050	1.0064477347				
180051	1.0024268606				
180053	1.0018692584				
180056	0.9947943615				
180064	0.9959223548				
180066	1.0026366008				
180067	0.9898731389				
180069	1.0166405996				
180070	1.0108855316				
180078	1.0012298064				
180079	0.9974570396				
180080	1.0007182448				
180087	1.0029179597				
180088	0.9941191002				
180092	1.0128934109				
180093	0.9993370285				
180101	0.9967792205				
180102	0.9957560973				
180103	0.9964211274				
180104	0.9923286346				
180105	1.0014855872				
180106	0.9993753956				
180115	1.0133793944				
180116	1.0040945514				
180124	1.0031532780				
180127	0.9974749443				
180128	1.0069592964				
180130	0.9971884698				
180132	0.9967792205				
180138	1.0034039432				
180139	0.9959223548				
180141	0.9933006016				
180143	0.9991324039				
180149	1.0106936960				
190002	1.0044526445				
190004	1.0070104525				
190005	0.9900266074				
190006	1.0027133351				
190007	1.0105018604				
190008	1.0016902119				
190011	0.9920728538				
190013	1.0079312634				
190014	1.0043631212				
190015	0.9971884698				
190017	0.9970861575				
190019	0.9919193853				
190020	0.9980581245				
190026	0.9939144755				
190027	0.9950910672				
190034	1.0016390557				
190036	0.9990300915				
190039	1.0020994611				
190040	1.0053734554				
190041	0.9991835600				
190044	0.9982627491				
190045	1.0076754826				
190046	1.0037364583				
190050	1.0049386280				
190053	0.9957305192				
190054	1.0003806142				
190060	0.9982627491				
190064	0.9969326890				
190065	0.9972396259				
190079	1.0017646208				
190086	0.9906916375				
190088	1.0012937516				
190098	0.9907427936				
190099	0.9982243820				
190102	0.9966257520				
190111	0.9992347162				
190114	1.0066651484				
190116	0.9993753956				
190118	0.9964978616				
190125	1.0053222992				
190128	1.0006261637				
190144	1.0064477347				
190146	0.9999509024				
190151	0.9959223548				
190160	1.0017413680				
190164	1.0000020586				
190167	1.0051688307				
190176	1.0021506173				
190177	1.0066012032				
190183	1.0194925556				
190190	1.0279937793				
190201	1.0055098718				
190202	1.0042480199				
190204	0.9983139053				
190205	1.0018948365				
190208	1.0190647040				
190236	0.9983650615				
190242	0.9973419383				
190246	1.0098565952				
190250	1.0067035156				
190255	1.0307841153				
190259	1.0118098304				
190263	1.0112692028				
190266	1.0134840320				
190270	1.0168324352				
190274	0.9935052263				
190278	1.0106936960				
190297	1.0059501248				
190298	1.0123678976				
190303	1.0095775616				
190308	1.0005647763				
190312	0.9945795056				
200001	1.0025598666				
200008	1.0034806775				
200009	0.9962676589				
200018	1.0115249836				
200019	1.0007182448				
200020	1.0116656631				
200021	1.0047084253				
200024	0.9951422234				
200031	1.0144792519				
200033	0.9883896102				
200034	0.9887477034				
200037	0.9993114504				
200039	0.9974442506				
200041	0.9988638340				
200050	1.0146327204				
200052	1.0234187908				
200063	1.0076882716				
220001	0.9983650615				
220002	1.0046572691				
220008	0.9955514727				
220010	0.9907939498				
220011	0.9985696861				
220012	1.0011274941				
220015	0.9987538483				
220016	1.0057059704				
220017	0.9967280643				
220019	0.9936842728				
220020	1.0112564138				
220024	1.0018436803				
220029	0.9987947732				
220030	0.9956665740				
220031	0.9998485901				
220033	1.0045038007				
220035	1.0084939812				
220036	0.9994904970				
220046	1.0006159325				
220049	0.9953468480				
220050	1.0007182448				
220052	0.9971373136				
220058	0.9995672312				
220060	1.0042480199				
220062	1.0305422861				
220063	0.9969838451				
220065	1.0014855872				
220066	0.9963904337				
220070	1.0054246115				
220071	1.0055269239				
220073	0.9968303767				
220074	1.0048618938				
220075	1.0062291584				
220077	0.9960118781				
220080	0.9938121632				
220083	0.9969326890				
220084	1.0107448522				
220086	1.0022529296				
220088	1.0104890714				
220090	1.0046061130				
220095	0.9966666769				
220098	0.9984162176				
220100	1.0042991760				
220101	1.0081870442				
220105	1.0092613236				
220108	1.0076243264				
220110	1.0041457075				
220111	0.9997974339				
220116	0.9988766231				
220119	1.0078289511				
220126	0.9984162176				
220135	1.0028156474				
220163	0.9955003165				
220171	1.0008205571				
220175	0.9949375987				
220176	0.9981092807				
230002	1.0014344311				
230003	1.0168324352				
230005	1.0018027554				
230015	0.9899754512				
230017	0.9954491603				
230019	1.0022017735				
230020	1.0060384855				
230021	0.9984673738				
230022	1.0090055428				
230024	1.0011786503				
230029	1.0000532147				
230030	0.9986208423				
230031	1.0046572691				
230035	1.0184694324				
230036	0.9946818179				
230037	1.0040945514				
230038	1.0011786503				
230040	1.0133793944				
230041	0.9959607219				
230046	1.0014344311				
230047	0.9941191002				
230053	0.9988254669				
230054	0.9906916375				
230055	1.0145304080				
230058	1.0109494768				
230059	1.0044014883				
230066	0.9984673738				
230069	1.0016902119				
230070	0.9974442506				
230072	1.0155023751				
230075	0.9917147607				
230077	0.9966769082				
230078	1.0146001664				
230080	1.0124330055				
230081	1.0124841616				
230085	1.0087404608				
230089	1.0117168192				
230092	1.0067546717				
230095	1.0055269239				
230096	0.9972652040				
230097	1.0056292362				
230099	1.0037364583				
230100	1.0058338608				
230104	1.0007694010				
230105	1.0068569840				
230108	1.0055141348				
230117	0.9952956919				
230118	1.0101821344				
230121	0.9981604368				
230130	1.0013321187				
230132	0.9925332592				
230133	1.0136095972				
230141	0.9929936647				
230142	0.9970861575				
230146	0.9956537850				
230151	0.9967792205				
230156	1.0020483050				
230165	0.9907939498				
230167	0.9992347162				
230174	0.9972652040				
230176	1.0043503322				
230180	1.0108855316				
230193	1.0052199869				
230195	0.9970350013				
230197	1.0021506173				
230207	1.0005136202				
230208	0.9987998888				
230216	0.9977000314				
230217	1.0151059148				
230222	1.0161162490				
230227	0.9974954067				
230230	0.9968815328				
230236	1.0026621789				
230239	1.0158604682				
230241	0.9951550124				
230244	0.9928401962				
230254	0.9975977191				
230259	1.0186229008				
230269	1.0041968637				
230270	1.0041457075				
230273	0.9973419383				
230277	1.0016902119				
230297	1.0027542600				
230302	0.9985696861				
230303	0.9993370285				
240001	1.0008205571				
240002	1.0018948365				
240004	1.0061407978				
240006	1.0232502080				
240010	1.0134049725				
240014	1.0204773116				
240018	1.0083916688				
240019	0.9982115930				
240020	1.0305050817				
240022	1.0051304636				
240030	0.9975977191				
240036	1.0075220141				
240038	1.0018948365				
240040	0.9950678144				
240044	1.0112564138				
240047	0.9995928093				
240050	1.0097345180				
240052	1.0026366008				
240053	1.0121260685				
240056	1.0077777949				
240057	1.0045038007				
240059	1.0207389056				
240063	1.0052199869				
240064	1.0122283808				
240066	1.0137630656				
240069	1.0116528740				
240071	1.0081998332				
240075	1.0177532461				
240076	1.0099263536				
240078	1.0033783651				
240080	0.9964722835				
240084	1.0106936960				
240088	1.0002066832				
240093	1.0088520743				
240100	1.0117679754				
240101	1.0170242708				
240104	1.0086986058				
240106	0.9933517578				
240115	1.0082382004				
240132	1.0104379152				
240141	1.0143211328				
240166	1.0101181892				
240187	1.0026366008				
240207	1.0041968637				
240210	0.9986719984				
240213	1.0093636359				
240214	1.0205156788				
250001	0.9875711117				
250002	1.0068569840				
250004	1.0014855872				
250006	1.0003345736				
250007	1.0007182448				
250009	1.0025087104				
250019	0.9913055114				
250020	1.0028284364				
250025	1.0074708580				
250031	0.9977000314				
250034	1.0018948365				
250036	0.9993753956				
250038	1.0095682605				
250040	0.9997974339				
250042	1.0010763379				
250043	1.0093508468				
250044	1.0108855316				
250048	1.0041968637				
250050	1.0048618938				
250057	1.0029179597				
250058	1.0028156474				
250067	0.9986208423				
250069	0.9911520429				
250072	0.9978534999				
250077	0.9955386836				
250078	0.9977000314				
250082	0.9972396259				
250084	0.9926355715				
250085	1.0009100804				
250093	1.0041457075				
250094	0.9964211274				
250095	1.0064733128				
250096	1.0018692584				
250097	0.9977000314				
250100	1.0009740256				
250102	1.0033783651				
250104	1.0015367434				
250117	0.9884407664				
250123	1.0019459927				
250124	1.0007182448				
250126	1.0058978060				
250128	0.9961141904				
250138	0.9966052896				
250141	0.9947841303				
250151	1.0037364583				
250162	0.9968815328				
250167	1.0095171044				
250168	0.9957254036				
260001	0.9963188151				
260005	0.9980069683				
260006	1.0084939812				
260009	1.0132515040				
260011	1.0080335757				
260015	0.9915101360				
260017	0.9972907821				
260020	1.0024575543				
260022	1.0123102307				
260023	1.0034806775				
260024	1.0208609828				
260025	1.0115121946				
260027	0.9962165027				
260032	0.9968815328				
260034	1.0093508468				
260040	0.9981092807				
260047	1.0017413680				
260048	1.0018436803				
260050	1.0120365452				
260052	1.0036853021				
260057	1.0015878995				
260059	1.0058978060				
260061	1.0012937516				
260062	1.0032248967				
260064	1.0025087104				
260065	0.9974954067				
260068	0.9938121632				
260070	1.0036341459				
260074	0.9992475052				
260077	0.9928913523				
260078	1.0057315485				
260081	1.0023552419				
260085	1.0044014883				
260091	1.0013321187				
260094	1.0097217290				
260095	1.0023552419				
260096	1.0009740256				
260097	1.0101181892				
260102	1.0098751975				
260104	1.0016902119				
260105	0.9888500157				
260108	0.9995416531				
260110	0.9931982893				
260113	1.0132515040				
260119	0.9989277792				
260137	0.9964722835				
260138	1.0044014883				
260141	0.9965745959				
260142	1.0007182448				
260162	1.0136095972				
260163	0.9903591224				
260175	0.9930448208				
260176	0.9961346529				
260177	0.9950910672				
260179	1.0146838765				
260180	1.0008717133				
260183	0.9987231546				
260186	1.0009126382				
260190	1.0130878043				
260191	1.0036136835				
260193	1.0088520743				
260195	0.9983139053				
260200	0.9963188151				
260210	1.0082382004				
260214	0.9955386836				
260216	1.0022529296				
260219	1.0074708580				
260227	1.0109727296				
270003	1.0145815642				
270004	1.0006159325				
270012	0.9992347162				
270014	1.0101821344				
270017	1.0077777949				
270023	1.0124330055				
270032	1.0132049984				
270049	0.9945795056				
270051	1.0030714282				
270057	1.0073480832				
270086	1.0355276865				
270087	1.0104146624				
280003	0.9925332592				
280009	0.9966257520				
280013	0.9968303767				
280020	0.9960118781				
280023	0.9965234397				
280030	0.9963699712				
280032	0.9969326890				
280040	0.9988766231				
280060	0.9965234397				
280061	0.9991324039				
280065	1.0027133351				
280077	0.9920856428				
280081	1.0005136202				
280105	1.0094147920				
280111	0.9955386836				
280125	1.0011684190				
280127	1.0173905024				
280128	1.0026366008				
280129	1.0226921408				
280130	0.9943339560				
280131	1.0380389889				
280132	0.9951422234				
280133	1.0204598720				
280134	1.0053734554				
290001	0.9868549254				
290003	0.9896685143				
290005	1.0035522961				
290006	1.0135712300				
290007	0.9885942349				
290008	0.9997590668				
290009	1.0070616087				
290012	0.9932699079				
290019	1.0017413680				
290021	0.9911008867				
290022	0.9928913523				
290032	0.9944771933				
290039	1.0053734554				
290041	0.9939144755				
290045	0.9901289197				
290046	0.9904870128				
290047	0.9991835600				
290049	1.0085835044				
290053	0.9985696861				
290054	0.9927890400				
300001	1.0022017735				
300003	0.9958584096				
300005	1.0064886597				
300011	1.0038796955				
300012	0.9956537850				
300014	1.0041968637				
300017	0.9996439655				
300018	1.0006670887				
300019	1.0089032304				
300020	1.0000532147				
300023	0.9983241365				
300029	0.9964211274				
300034	1.0033272090				
310001	0.9946306618				
310002	1.0007694010				
310003	1.0035522961				
310005	0.9978023437				
310006	0.9955003165				
310008	1.0024063981				
310009	1.0002578394				
310010	0.9985696861				
310011	0.9921751661				
310012	0.9993881847				
310014	0.9915101360				
310015	1.0029179597				
310016	1.0010763379				
310017	0.9935563824				
310019	0.9909985744				
310021	0.9953980042				
310022	0.9982627491				
310024	0.9955003165				
310025	1.0003601517				
310027	0.9943237248				
310028	0.9949375987				
310029	0.9918170730				
310031	1.0040945514				
310032	0.9982115930				
310034	1.0076243264				
310038	0.9939656317				
310039	0.9940679440				
310040	1.0009740256				
310041	0.9891057965				
310044	0.9950399111				
310045	0.9951422234				
310047	1.0009740256				
310048	0.9976488752				
310050	0.9929425085				
310051	0.9966769082				
310052	0.9969326890				
310054	0.9964722835				
310057	0.9947329741				
310058	1.0008717133				
310060	1.0037876144				
310061	0.9894638896				
310064	1.0041968637				
310069	1.0023040858				
310070	1.0011274941				
310073	0.9932494455				
310074	1.0007182448				
310075	1.0011274941				
310076	1.0030202720				
310081	0.9945795056				
310083	0.9991733288				
310084	0.9957560973				
310086	0.9996951216				
310091	0.9972396259				
310092	1.0006159325				
310096	1.0048209689				
310108	0.9983650615				
310110	0.9953980042				
310111	0.9964211274				
310112	0.9958584096				
310113	1.0014855872				
310115	0.9894638896				
310118	0.9991835600				
310119	0.9922774784				
310130	0.9951115297				
320001	0.9908962621				
320002	0.9931982893				
320003	1.0093508468				
320004	0.9884407664				
320005	0.9980581245				
320006	1.0097217290				
320009	0.9976488752				
320011	1.0081870442				
320013	1.0043631212				
320016	1.0133793944				
320017	0.9986719984				
320018	0.9957049411				
320021	0.9994393408				
320030	1.0134840320				
320033	1.0182276032				
320038	1.0041712856				
320061	1.0110773672				
320063	0.9985696861				
320065	1.0011019160				
320074	1.0070488196				
320085	0.9948864426				
320086	0.9872897528				
320089	0.9981092807				
330003	1.0000839084				
330004	0.9991835600				
330005	0.9924821031				
330006	0.9924309469				
330008	1.0057059704				
330009	1.0024063981				
330011	0.9970350013				
330013	0.9959607219				
330014	0.9915101360				
330019	1.0045038007				
330023	0.9967792205				
330024	1.0021506173				
330027	0.9934540701				
330028	0.9958072535				
330030	1.0031225843				
330033	0.9980964916				
330043	0.9911008867				
330044	0.9862410515				
330045	0.9986208423				
330046	1.0063965786				
330047	1.0093636359				
330049	0.9973930944				
330055	0.9931471331				
330056	0.9911008867				
330057	0.9992347162				
330058	1.0063965786				
330059	1.0046061130				
330061	0.9933517578				
330065	0.9939656317				
330073	0.9943876700				
330074	1.0031737405				
330078	0.9926355715				
330079	1.0095682605				
330080	0.9931471331				
330084	1.0145304080				
330085	1.0110773672				
330086	0.9861387392				
330088	0.9959223548				
330090	0.9912543552				
330094	0.9902619257				
330096	1.0034039432				
330101	1.0055780800				
330102	0.9962165027				
330103	0.9960118781				
330104	1.0034806775				
330106	1.0032760528				
330107	0.9922058598				
330111	0.9869758400				
330115	1.0032760528				
330119	1.0023552419				
330125	1.0041968637				
330126	0.9967792205				
330127	0.9936586947				
330128	0.9924309469				
330132	1.0067872256				
330135	1.0033272090				
330136	1.0016390557				
330140	1.0040433952				
330141	0.9955514727				
330144	1.0064733128				
330151	1.0045549568				
330153	0.9966257520				
330157	0.9941702563				
330158	0.9972907821				
330160	0.9902823882				
330162	1.0057315485				
330163	1.0006568574				
330164	1.0020994611				
330167	0.9939144755				
330169	1.0018948365				
330175	1.0111541015				
330180	0.9929425085				
330181	0.9925844154				
330182	1.0080335757				
330184	0.9969838451				
330185	1.0043503322				
330188	1.0062942663				
330191	0.9929425085				
330193	0.9984162176				
330194	1.0007694010				
330195	0.9956537850				
330196	0.9979046560				
330197	1.0140188464				
330198	0.9918170730				
330199	1.0086474496				
330201	0.9945795056				
330202	1.0022017735				
330203	0.9936586947				
330204	0.9945283495				
330205	0.9947713412				
330208	1.0015878995				
330211	1.0099902988				
330214	1.0052199869				
330215	0.9990812477				
330218	1.0079824196				
330219	0.9964722835				
330221	0.9979046560				
330223	1.0166405996				
330224	1.0126469312				
330226	1.0122795370				
330229	0.9869060816				
330231	0.9997462778				
330232	0.9925844154				
330233	0.9924821031				
330234	0.9948864426				
330235	1.0000429835				
330236	0.9974442506				
330238	1.0001427380				
330239	1.0000327523				
330240	0.9965063876				
330241	0.9978534999				
330245	0.9905893251				
330246	0.9992347162				
330250	1.0143257834				
330259	0.9927378839				
330261	0.9953468480				
330264	0.9906916375				
330265	1.0114610384				
330267	1.0011070316				
330268	1.0035957788				
330270	1.0102844468				
330273	0.9972907821				
330276	1.0095171044				
330277	1.0152465943				
330279	0.9861387392				
330285	1.0029691159				
330286	0.9953980042				
330304	0.9992347162				
330307	1.0061407978				
330331	0.9951933795				
330332	0.9924309469				
330340	1.0019255302				
330350	0.9924821031				
330385	0.9973930944				
330386	0.9975465629				
330393	1.0022017735				
330394	0.9953980042				
330395	0.9904972440				
330396	0.9966052896				
330397	0.9891262590				
330399	0.9923797907				
330401	1.0003089955				
340001	0.9944260371				
340002	1.0013321187				
340003	0.9997974339				
340004	0.9928401962				
340008	1.0171905284				
340010	1.0011274941				
340013	0.9969838451				
340014	1.0016390557				
340015	0.9907427936				
340016	1.0077777949				
340017	1.0004726953				
340020	1.0067955966				
340021	0.9987743107				
340023	0.9999509024				
340024	1.0124330055				
340027	0.9968303767				
340028	1.0080335757				
340030	1.0011786503				
340032	1.0047084253				
340037	1.0157069997				
340039	1.0002578394				
340040	0.9971884698				
340041	0.9912236615				
340042	1.0092408611				
340047	0.9950399111				
340049	1.0366438209				
340050	1.0013832749				
340051	1.0107960084				
340053	0.9982627491				
340060	0.9979046560				
340061	0.9987743107				
340064	0.9954491603				
340068	1.0011786503				
340069	0.9876734240				
340070	1.0013321187				
340071	1.0058338608				
340073	0.9986208423				
340075	1.0028668035				
340085	0.9923081721				
340087	1.0159627805				
340090	1.0068058279				
340091	1.0022529296				
340096	1.0102844468				
340097	1.0098751975				
340098	0.9988254669				
340099	1.0087753400				
340106	1.0222038320				
340107	1.0133947413				
340109	0.9980478933				
340113	1.0017925242				
340114	0.9988766231				
340115	1.0112564138				
340116	1.0006670887				
340119	1.0039410829				
340120	1.0070488196				
340123	1.0071127648				
340126	1.0033272090				
340127	1.0059361731				
340129	0.9962165027				
340130	0.9966257520				
340131	1.0102844468				
340132	1.0010251818				
340133	1.0028284364				
340141	1.0023040858				
340142	1.0031225843				
340143	0.9996951216				
340144	1.0110517892				
340145	1.0071639210				
340147	0.9984162176				
340148	1.0270636673				
340151	1.0067546717				
340155	0.9979046560				
340158	1.0086474496				
340166	0.9986208423				
340171	1.0007694010				
340173	0.9956537850				
340183	1.0039717766				
340184	1.0074606267				
340186	1.0047467924				
350002	1.0038899267				
350006	0.9918682291				
350011	0.9893615773				
350015	0.9981092807				
350019	1.0071127648				
350070	1.0030714282				
360001	1.0023552419				
360002	1.0057059704				
360003	0.9934029139				
360006	0.9907939498				
360008	0.9941191002				
360009	1.0006159325				
360010	1.0041968637				
360011	1.0054757677				
360012	1.0013832749				
360013	0.9901672868				
360014	0.9947713412				
360016	1.0039922391				
360017	0.9930959770				
360020	0.9896173581				
360025	1.0004624640				
360026	1.0074708580				
360027	0.9982627491				
360029	0.9995416531				
360032	0.9968815328				
360035	0.9916636045				
360036	0.9980581245				
360037	0.9965745959				
360039	1.0003089955				
360040	1.0046061130				
360041	1.0011786503				
360044	0.9983139053				
360046	1.0022529296				
360048	0.9979558122				
360051	0.9984673738				
360052	0.9961141904				
360054	0.9927890400				
360055	1.0054757677				
360056	1.0076243264				
360058	1.0102460796				
360059	0.9933517578				
360064	0.9930448208				
360065	1.0117807644				
360066	1.0019971488				
360068	1.0039410829				
360070	0.9956537850				
360071	0.9924693140				
360072	0.9957560973				
360074	1.0058338608				
360075	1.0087497620				
360076	0.9967792205				
360077	1.0079312634				
360078	0.9961141904				
360079	0.9988254669				
360080	0.9940167879				
360081	0.9945897368				
360082	1.0059668668				
360084	1.0036341459				
360085	0.9992347162				
360086	0.9992347162				
360087	1.0105402276				
360089	1.0099263536				
360090	0.9987231546				
360091	1.0000532147				
360092	0.9968815328				
360095	1.0082893565				
360096	1.0063965786				
360098	1.0054757677				
360107	0.9987998888				
360109	0.9980325464				
360112	0.9934029139				
360118	1.0036341459				
360121	0.9975209848				
360123	1.0103867591				
360125	1.0046061130				
360131	0.9870979172				
360132	0.9993881847				
360133	1.0026621789				
360134	0.9978023437				
360137	0.9979046560				
360141	0.9939656317				
360143	1.0055780800				
360144	1.0051688307				
360145	0.9974442506				
360147	0.9983139053				
360148	1.0070662592				
360150	1.0039410829				
360151	1.0044321820				
360152	0.9977511875				
360155	1.0085962935				
360159	0.9984162176				
360161	0.9995416531				
360163	1.0010763379				
360170	0.9930448208				
360172	1.0047595815				
360174	1.0025598666				
360175	0.9905509580				
360179	0.9941702563				
360180	1.0074197018				
360185	0.9974340193				
360189	0.9997590668				
360192	1.0030714282				
360197	0.9992858723				
360203	1.0084632875				
360210	1.0089543866				
360211	1.0002066832				
360218	1.0066523594				
360230	1.0063454224				
360234	1.0032248967				
360236	1.0080847319				
360239	1.0019971488				
360245	1.0348394036				
360259	1.0050460560				
360262	1.0036750709				
360263	1.0235292416				
360266	1.0226921408				
360270	1.0089671756				
360274	1.0017646208				
360276	0.9945795056				
360348	1.0097728852				
360351	1.0045549568				
360352	1.0149226053				
360354	1.0061919539				
360355	1.0160139367				
360360	0.9994291096				
360362	1.0173905024				
370001	0.9967280643				
370002	1.0072406552				
370004	0.9974570396				
370006	0.9982627491				
370008	0.9956026288				
370013	0.9922263223				
370014	1.0000020586				
370015	1.0078161620				
370016	1.0064375035				
370018	0.9955105477				
370019	1.0066012032				
370020	0.9976795689				
370022	1.0106936960				
370023	1.0082382004				
370025	0.9978534999				
370026	1.0122795370				
370028	0.9944260371				
370029	1.0187507912				
370032	1.0006670887				
370034	0.9981604368				
370037	0.9970350013				
370039	1.0039922391				
370047	0.9954798540				
370048	0.9964978616				
370049	1.0087497620				
370054	1.0028668035				
370056	1.0020483050				
370057	1.0051304636				
370065	1.0037876144				
370078	0.9920216976				
370089	1.0008819445				
370091	0.9993881847				
370093	0.9940679440				
370094	0.9942214125				
370097	0.9971884698				
370099	0.9959223548				
370100	0.9949631768				
370106	0.9905893251				
370113	1.0078801072				
370114	0.9908451059				
370138	1.0257615105				
370149	1.0024063981				
370153	1.0078161620				
370156	1.0089671756				
370158	1.0009100804				
370166	1.0057059704				
370172	1.0238082752				
370173	1.0265986113				
370180	1.0191856186				
370190	1.0123716181				
370199	1.0156046874				
370202	0.9912031991				
370203	1.0009275200				
370206	1.0171114688				
370210	1.0234486319				
370211	0.9933517578				
370212	1.0073452928				
370215	1.0154102940				
370216	1.0173905024				
370218	1.0062814772				
370222	1.0098565952				
370227	1.0196227712				
370228	1.0081823936				
370229	1.0030202720				
370234	1.0108471645				
370235	1.0149140792				
370236	0.9965745959				
380001	0.9984801628				
380002	1.0127910986				
380004	1.0046572691				
380005	1.0218550400				
380007	0.9965745959				
380009	0.9982627491				
380014	1.0005136202				
380017	1.0073173895				
380018	0.9997974339				
380020	1.0104379152				
380021	1.0081870442				
380022	1.0098342725				
380025	1.0064988909				
380027	1.0088009181				
380029	1.0162743680				
380033	1.0039794500				
380037	1.0174463092				
380038	1.0085962935				
380040	1.0088009181				
380047	1.0000020586				
380050	1.0079824196				
380051	1.0065500471				
380052	0.9911264648				
380056	1.0070662592				
380060	1.0066523594				
380061	1.0036341459				
380071	1.0197278739				
380075	1.0035829898				
380082	1.0049130499				
380089	1.0131491917				
380090	1.0087497620				
380091	1.0156728956				
380102	1.0045549568				
380103	1.0209249280				
390001	0.9903130819				
390002	1.0011274941				
390003	1.0120365452				
390004	0.9980069683				
390006	0.9998997463				
390008	0.9978407108				
390009	0.9892081088				
390012	1.0049846686				
390013	1.0088009181				
390016	0.9953468480				
390019	0.9931087660				
390026	0.9938121632				
390027	1.0019459927				
390028	0.9955514727				
390030	0.9909474183				
390031	0.9937098509				
390032	0.9936586947				
390035	1.0005264092				
390036	1.0003601517				
390037	1.0036853021				
390039	0.9914589799				
390041	1.0008717133				
390042	0.9953468480				
390043	0.9985441080				
390044	1.0014855872				
390045	0.9961755778				
390046	0.9948864426				
390048	1.0027133351				
390049	0.9963699712				
390050	0.9886965472				
390052	0.9983522724				
390056	0.9976488752				
390057	1.0066012032				
390058	1.0028974972				
390061	0.9987947732				
390062	1.0011019160				
390063	0.9869572378				
390065	1.0039922391				
390066	0.9968303767				
390067	1.0024575543				
390068	0.9944260371				
390070	1.0007182448				
390071	0.9941958344				
390072	0.9917659168				
390073	0.9885942349				
390076	0.9958584096				
390079	1.0033272090				
390080	1.0004113079				
390081	1.0015367434				
390084	0.9980325464				
390086	0.9946818179				
390090	0.9973930944				
390091	1.0029179597				
390093	0.9879803610				
390096	0.9882361418				
390097	0.9964211274				
390100	1.0031225843				
390101	0.9982627491				
390102	0.9986208423				
390107	0.9967792205				
390110	0.9942214125				
390111	1.0033272090				
390112	1.0079653675				
390113	1.0038899267				
390114	1.0036136835				
390115	0.9953468480				
390116	0.9948864426				
390117	0.9907427936				
390118	0.9970733684				
390119	0.9928401962				
390123	0.9936075386				
390125	0.9968303767				
390127	0.9961141904				
390133	0.9920728538				
390137	0.9970350013				
390138	1.0188147364				
390139	1.0023552419				
390142	0.9949887549				
390145	1.0009740256				
390146	1.0070616087				
390147	0.9965234397				
390150	0.9978407108				
390151	1.0019971488				
390153	1.0102332906				
390156	0.9985696861				
390157	0.9912031991				
390160	0.9944260371				
390162	1.0011786503				
390163	1.0060896416				
390164	0.9989277792				
390168	0.9943748810				
390173	1.0042889448				
390174	1.0002066832				
390178	1.0084939812				
390179	1.0073173895				
390180	0.9941702563				
390183	1.0041712856				
390184	0.9981371840				
390185	1.0041457075				
390192	0.9972652040				
390194	0.9949631768				
390195	1.0078289511				
390197	1.0022529296				
390198	1.0007182448				
390199	0.9955386836				
390201	1.0059361731				
390203	1.0049130499				
390204	0.9972907821				
390211	1.0054246115				
390217	0.9970861575				
390219	1.0024063981				
390220	0.9934029139				
390222	1.0082382004				
390223	1.0012298064				
390225	1.0016390557				
390226	0.9957560973				
390228	1.0056292362				
390231	0.9930959770				
390233	0.9989584729				
390236	1.0126469312				
390237	0.9917659168				
390256	0.9940167879				
390258	0.9985185299				
390263	0.9940167879				
390265	0.9988766231				
390266	0.9968815328				
390267	0.9850644598				
390268	1.0035318336				
390270	0.9941191002				
390290	0.9957049411				
390304	1.0052199869				
390312	1.0012400377				
390314	1.0238082752				
390316	1.0274357121				
390321	1.0226921408				
390322	1.0374809217				
390323	1.0134840320				
390324	1.0296679809				
390325	1.0173905024				
390326	1.0048107376				
390327	1.0084614272				
390328	1.0003601517				
390329	0.9948352864				
410001	0.9969326890				
410005	1.0068876777				
410006	1.0095682605				
410007	0.9961141904				
410008	1.0144792519				
410009	0.9996439655				
410010	0.9958788721				
410011	1.0015367434				
410012	1.0080335757				
410013	1.0064068098				
420002	0.9941702563				
420004	1.0009740256				
420005	1.0198378596				
420007	0.9938121632				
420009	0.9960630343				
420010	1.0004624640				
420011	0.9936726464				
420015	1.0043503322				
420018	1.0016902119				
420019	0.9972652040				
420020	1.0034806775				
420023	1.0018436803				
420026	1.0022017735				
420027	0.9939144755				
420030	1.0040945514				
420033	1.0115121946				
420036	1.0026110227				
420037	1.0051304636				
420038	1.0095171044				
420043	0.9922774784				
420048	1.0041457075				
420049	1.0036853021				
420051	1.0031737405				
420053	1.0033272090				
420055	1.0169859037				
420065	1.0068058279				
420066	0.9874815884				
420067	1.0074197018				
420068	0.9986208423				
420069	1.0168324352				
420070	1.0024575543				
420071	1.0012809626				
420072	1.0268776449				
420073	1.0038387706				
420078	0.9959607219				
420079	0.9945795056				
420080	0.9994904970				
420082	0.9955003165				
420083	0.9896378206				
420085	0.9978534999				
420086	0.9947841303				
420087	1.0057827047				
420089	1.0083916688				
420091	1.0082893565				
420098	1.0125864740				
420101	0.9980325464				
420102	1.0299470145				
420103	1.0039794500				
420104	1.0076243264				
420105	1.0129036421				
420106	1.0051176746				
430005	1.0033272090				
430008	1.0091590112				
430012	1.0141467368				
430013	1.0024447652				
430014	1.0010763379				
430015	1.0158732572				
430016	0.9942214125				
430027	1.0030714282				
430048	1.0120365452				
430077	0.9967280643				
430089	1.0296679809				
430090	1.0321792833				
430091	1.0319002497				
430095	1.0119214439				
430097	1.0049386280				
440002	0.9950399111				
440003	0.9903847005				
440006	0.9903335443				
440007	1.0016774228				
440009	1.0050665184				
440010	1.0007182448				
440011	0.9967280643				
440012	1.0009228695				
440015	1.0010763379				
440017	0.9974954067				
440018	1.0061407978				
440020	0.9963060260				
440025	1.0036341459				
440029	1.0027644912				
440030	0.9977000314				
440031	1.0016390557				
440032	1.0199018048				
440033	0.9988254669				
440034	0.9984673738				
440035	0.9989277792				
440039	0.9956026288				
440046	1.0051176746				
440048	0.9986208423				
440049	0.9971884698				
440050	1.0030202720				
440053	0.9920728538				
440056	1.0026621789				
440057	0.9941958344				
440058	1.0046061130				
440059	1.0006159325				
440060	0.9968815328				
440061	0.9937482180				
440063	0.9902823882				
440065	1.0018948365				
440067	0.9849877256				
440068	1.0017925242				
440072	0.9955003165				
440073	1.0026621789				
440081	1.0039103892				
440082	0.9964722835				
440083	0.9970733684				
440084	0.9926867277				
440091	1.0055780800				
440102	0.9931471331				
440104	0.9925332592				
440109	1.0005264092				
440110	1.0162185613				
440120	0.9877757363				
440125	1.0055269239				
440130	1.0026110227				
440131	1.0226921408				
440132	0.9979046560				
440133	0.9951933795				
440137	0.9945795056				
440144	0.9976488752				
440148	1.0064733128				
440150	0.9930448208				
440151	1.0009228695				
440152	0.9892081088				
440153	1.0113587261				
440156	0.9963188151				
440159	1.0014173790				
440161	0.9989277792				
440173	1.0022017735				
440175	1.0014855872				
440176	1.0008205571				
440180	1.0083916688				
440183	0.9943237248				
440184	1.0051381371				
440185	0.9905381690				
440187	0.9920856428				
440189	1.0034806775				
440192	1.0037876144				
440193	0.9969326890				
440194	1.0003908454				
440197	1.0025087104				
440218	1.0307841153				
440227	1.0029179597				
440228	0.9996439655				
450002	0.9912543552				
450007	0.9938121632				
450010	1.0005136202				
450011	0.9900777635				
450015	1.0024063981				
450018	0.9968303767				
450021	0.9945795056				
450023	0.9989277792				
450024	0.9900266074				
450028	0.9965234397				
450029	0.9941702563				
450032	1.0030714282				
450033	0.9960630343				
450034	0.9975977191				
450035	0.9918682291				
450037	0.9948352864				
450039	0.9947841303				
450040	1.0013321187				
450042	0.9916636045				
450044	1.0019459927				
450046	0.9956537850				
450051	0.9932494455				
450054	1.0073173895				
450055	1.0106936960				
450056	0.9992858723				
450058	0.9926355715				
450064	0.9929936647				
450068	0.9987743107				
450072	1.0032760528				
450079	1.0008205571				
450080	0.9978023437				
450082	0.9943876700				
450083	0.9893104211				
450085	1.0058978060				
450087	1.0011786503				
450090	0.9953468480				
450092	0.9989277792				
450097	0.9965234397				
450099	0.9963060260				
450101	0.9997974339				
450102	1.0007694010				
450104	1.0000532147				
450107	0.9956537850				
450108	0.9966896972				
450119	0.9984162176				
450124	0.9945283495				
450128	1.0041968637				
450130	1.0025087104				
450132	0.9910497306				
450133	0.9937098509				
450135	0.9997462778				
450137	0.9997462778				
450144	1.0123678976				
450147	0.9932494455				
450148	1.0098956599				
450152	1.0046061130				
450154	1.0028284364				
450162	0.9998113856				
450163	1.0020994611				
450165	1.0010763379				
450176	1.0034806775				
450177	1.0070488196				
450178	1.0147222436				
450184	1.0046572691				
450187	1.0137630656				
450192	0.9986080532				
450193	0.9964211274				
450194	0.9930448208				
450196	0.9987231546				
450200	0.9941191002				
450203	1.0021506173				
450209	0.9912031991				
450211	1.0024575543				
450213	0.9918170730				
450219	1.0005264092				
450221	0.9984162176				
450222	0.9983139053				
450229	0.9950399111				
450231	1.0017413680				
450236	0.9968815328				
450237	0.9975465629				
450271	0.9918682291				
450272	0.9972191635				
450280	0.9997462778				
450289	0.9963699712				
450292	1.0016774228				
450299	1.0024063981				
450324	0.9992347162				
450330	0.9991119414				
450340	1.0005750076				
450347	0.9916124483				
450348	1.0140420992				
450351	0.9986080532				
450352	0.9971066199				
450358	1.0057827047				
450369	1.0106936960				
450370	1.0009100804				
450372	1.0026212540				
450379	0.9981604368				
450388	0.9985696861				
450389	0.9960118781				
450395	0.9953468480				
450403	1.0055780800				
450411	1.0068569840				
450419	0.9995672312				
450422	1.0101356288				
450424	0.9976488752				
450447	0.9951550124				
450462	0.9972907821				
450465	0.9978407108				
450469	1.0017413680				
450475	0.9987998888				
450484	1.0064886597				
450508	0.9944771933				
450518	0.9892081088				
450537	0.9986208423				
450539	0.9989917244				
450558	0.9939349380				
450563	1.0040945514				
450565	0.9928529852				
450571	1.0042480199				
450573	0.9920856428				
450587	0.9985696861				
450596	1.0008205571				
450604	1.0170882160				
450605	0.9918938072				
450610	1.0035318336				
450617	1.0038899267				
450634	1.0026110227				
450638	0.9968303767				
450639	0.9968303767				
450643	0.9952956919				
450644	0.9977000314				
450647	0.9981092807				
450651	0.9962165027				
450653	0.9877373692				
450654	1.0062814772				
450656	1.0009740256				
450659	1.0017925242				
450661	0.9943237248				
450662	0.9974442506				
450668	0.9944260371				
450669	1.0069592964				
450670	1.0028156474				
450672	0.9983650615				
450674	1.0050324143				
450675	0.9963699712				
450677	1.0084428250				
450678	0.9958584096				
450684	0.9947329741				
450686	0.9986719984				
450688	0.9978023437				
450690	1.0031737405				
450697	0.9942214125				
450702	1.0023552419				
450709	0.9969326890				
450711	1.0108471645				
450713	0.9986208423				
450716	0.9997974339				
450718	1.0060384855				
450723	0.9934029139				
450730	0.9920728538				
450742	0.9944771933				
450743	0.9998485901				
450747	1.0006159325				
450754	1.0035957788				
450755	1.0065081920				
450766	1.0012809626				
450771	0.9978023437				
450774	1.0115307968				
450775	0.9961653466				
450779	1.0043503322				
450780	1.0143211328				
450788	0.9931982893				
450801	1.0115633508				
450804	1.0176695360				
450808	1.0154372672				
450809	1.0013832749				
450820	1.0100286660				
450822	1.0041661700				
450825	1.0168324352				
450827	0.9942307136				
450828	1.0028668035				
450833	0.9987998888				
450840	0.9901672868				
450844	1.0050153623				
450845	1.0148792000				
450847	1.0015878995				
450848	1.0044526445				
450851	1.0072406552				
450853	1.0065081920				
450855	1.0054757677				
450856	1.0106936960				
450860	1.0151582336				
450862	0.9909985744				
450864	1.0190647040				
450867	1.0037364583				
450869	1.0034806775				
450871	1.0017646208				
450872	1.0123306932				
450874	1.0162743680				
450875	1.0257615105				
450876	1.0049642061				
450877	0.9942307136				
450880	1.0076243264				
450883	1.0190647040				
450885	0.9964211274				
450888	1.0151582336				
450889	1.0104146624				
450890	0.9979558122				
450891	1.0128081507				
450893	1.0112517632				
450894	1.0087404608				
460001	1.0001043709				
460003	0.9979558122				
460004	1.0003089955				
460005	0.9949375987				
460006	1.0016902119				
460007	1.0158604682				
460009	0.9965745959				
460010	0.9929936647				
460011	1.0070488196				
460013	0.9973419383				
460014	0.9890162732				
460015	1.0035420649				
460017	0.9975791168				
460019	1.0165534016				
460021	1.0007694010				
460023	0.9935563824				
460026	1.0039968896				
460030	1.0109727296				
460041	0.9936280010				
460042	1.0014855872				
460044	0.9933517578				
460047	0.9943237248				
460049	1.0039968896				
460051	0.9942214125				
460052	1.0082995877				
460054	1.0067872256				
460057	1.0053920576				
460058	0.9978023437				
460060	0.9967420160				
470001	1.0045549568				
470003	0.9939656317				
470005	1.0060384855				
470011	0.9991835600				
470012	1.0035318336				
470024	0.9974570396				
490001	1.0130980356				
490002	1.0139549012				
490004	1.0025598666				
490005	0.9975465629				
490007	1.0037876144				
490009	0.9966257520				
490011	1.0050153623				
490013	1.0033783651				
490017	0.9992347162				
490018	1.0111029453				
490019	1.0071639210				
490020	0.9964722835				
490021	1.0083916688				
490022	0.9921751661				
490023	0.9983139053				
490024	1.0006159325				
490032	0.9945283495				
490033	1.0070104525				
490037	1.0107448522				
490038	1.0012937516				
490040	1.0036341459				
490041	1.0071639210				
490042	1.0109494768				
490043	1.0011786503				
490044	1.0072662333				
490045	0.9920728538				
490046	1.0061919539				
490048	0.9910497306				
490050	1.0092613236				
490052	1.0038387706				
490053	1.0078289511				
490057	1.0042480199				
490059	1.0033783651				
490060	1.0172416845				
490063	0.9935052263				
490066	1.0127910986				
490067	0.9933006016				
490069	1.0005136202				
490075	0.9946818179				
490077	1.0069081402				
490079	1.0031737405				
490084	1.0151698600				
490088	1.0101181892				
490089	1.0085835044				
490090	1.0028284364				
490092	1.0118447096				
490093	1.0040433952				
490094	1.0109727296				
490097	1.0012937516				
490098	1.0115121946				
490101	1.0099775098				
490107	1.0039922391				
490110	0.9941497939				
490111	0.9993753956				
490112	0.9930959770				
490113	1.0000532147				
490114	1.0014344311				
490115	1.0011274941				
490116	0.9990812477				
490117	0.9966896972				
490118	1.0026621789				
490119	1.0099263536				
490120	0.9928401962				
490122	0.9985185299				
490123	1.0095426824				
490126	1.0004624640				
490127	1.0022529296				
490130	1.0153898315				
490136	0.9956026288				
490140	1.0036648396				
490141	0.9994904970				
490143	1.0105018604				
490144	1.0022529296				
500001	1.0040433952				
500002	1.0063556537				
500003	1.0001555271				
500005	1.0053222992				
500007	1.0094147920				
500008	1.0041968637				
500011	0.9892592650				
500012	1.0051176746				
500014	1.0019459927				
500015	1.0022017735				
500016	1.0122795370				
500021	1.0010456442				
500024	1.0031737405				
500025	0.9982013617				
500026	0.9969326890				
500027	0.9968815328				
500030	1.0028668035				
500031	0.9976488752				
500033	0.9999509024				
500036	0.9981604368				
500037	1.0254824769				
500039	0.9926867277				
500041	1.0054757677				
500044	0.9953980042				
500049	1.0007182448				
500050	1.0014855872				
500051	1.0091078551				
500053	1.0057827047				
500054	0.9950910672				
500058	0.9958584096				
500060	0.9959607219				
500064	0.9936586947				
500072	1.0054041491				
500077	0.9939656317				
500079	1.0046061130				
500084	0.9861387392				
500088	1.0068058279				
500108	1.0019971488				
500119	0.9968201454				
500124	1.0014344311				
500129	0.9985696861				
500139	1.0055371551				
500141	1.0034295213				
500150	1.0053734554				
500151	1.0080847319				
500152	1.0025598666				
510001	0.9975465629				
510002	1.0002578394				
510007	0.9965234397				
510008	0.9946306618				
510012	0.9961781356				
510013	1.0024447652				
510022	0.9983650615				
510023	0.9960118781				
510024	1.0038899267				
510029	1.0091590112				
510030	1.0078289511				
510031	1.0093124797				
510038	1.0045549568				
510039	0.9929936647				
510046	0.9956537850				
510047	0.9980964916				
510048	1.0043912571				
510050	0.9971884698				
510055	0.9951422234				
510058	1.0004624640				
510062	1.0078289511				
510070	0.9964211274				
510071	0.9959095658				
510077	1.0103100248				
510082	1.0011274941				
510086	1.0332954177				
520002	1.0123818493				
520004	1.0103867591				
520008	0.9957560973				
520009	1.0022529296				
520011	1.0081998332				
520013	1.0073685456				
520017	1.0227793388				
520019	1.0051688307				
520021	0.9943748810				
520027	0.9956537850				
520028	1.0124330055				
520030	1.0022017735				
520033	1.0074197018				
520034	1.0076243264				
520035	1.0102844468				
520037	0.9957560973				
520038	1.0156814216				
520041	1.0103100248				
520044	1.0050665184				
520045	1.0003601517				
520048	1.0037057646				
520049	1.0118702877				
520051	0.9984162176				
520057	1.0124202164				
520059	1.0071639210				
520062	1.0063454224				
520063	1.0110620204				
520066	1.0001555271				
520070	1.0088520743				
520071	1.0146327204				
520075	1.0032760528				
520076	1.0078161620				
520078	1.0034806775				
520083	1.0055780800				
520087	1.0043503322				
520088	1.0070104525				
520089	1.0134561287				
520091	1.0139676903				
520095	1.0385970561				
520096	0.9934540701				
520097	1.0105402276				
520098	1.0062942663				
520100	0.9995928093				
520102	1.0013321187				
520103	1.0009740256				
520107	1.0023168748				
520109	1.0106936960				
520113	1.0063965786				
520116	1.0084939812				
520136	1.0041457075				
520138	1.0034295213				
520139	0.9989277792				
520160	0.9981604368				
520177	1.0032760528				
520189	1.0043707947				
520193	0.9983650615				
520194	1.0402712577				
520196	1.0106936960				
520198	1.0124330055				
520202	1.0062738038				
520204	1.0073173895				
520205	1.0215760064				
520206	1.0023143170				
520207	1.0107960084				
520208	1.0110517892				
530002	1.0034039432				
530006	1.0033272090				
530008	1.0080079976				
530011	1.0009100804				
530012	0.9946306618				
530014	0.9907939498				
530015	1.0122283808				
530025	1.0118447096				
530032	1.0101356288				
530033	0.9981371840				
670006	1.0023226880				
670008	1.0143211328				
670023	0.9988254669				
670024	1.0110006330				
670025	1.0129957232				
670031	0.9993881847				
670034	0.9992244849				
670041	1.0002066832				
670043	0.9940167879				
670044	1.0006568574				
670047	0.9955003165				
670049	1.0106936960				
670053	0.9904870128				
670054	1.0226921408				
670055	1.0027133351				
670056	1.0065500471				
670059	1.0090194944				
670060	1.0049028187				
670061	1.0081017839				
670067	1.0098565952				
670068	1.0015162809				
670071	1.0086986058				
670073	1.0069422443				
670075	0.9935052263				
670076	1.0196227712				
670077	0.9972396259				
670078	1.0360857537				
670079	0.9919193853				
670080	1.0121465310				
670082	1.0040945514				
670085	1.0040945514				
670088	1.0067444405				
670103	1.0059501248				
670106	0.9956258816				
"*We note that these updated proxy adjustment factors will not be used to adjust hospital payments. These updated proxy value based incentive payment adjustment factors were calculated using the historical baseline and performance periods for the FY 2017 Hospital Value-Based Purchasing (VBP) Program.  These updated proxy factors were calculated using the March 2017 update to the FY 2016 MedPAR file.  The slope of the linear exchange function used to calculate these proxy factors was 3.0693696034, and the estimated amount available for value-based incentive payments to hospitals for FY 2018 is approximately $1.9 billion.   We will add a new table, Table 16B to display the actual value-based incentive payment adjustment factors, exchange function slope, and estimated amount available for the FY 2018 Hospital VBP Program.  We expect that Table 16B will be posted in October of 2017, as discussed in the FY 2018 IPPS final rule preamble."					
