<<<<<<< HEAD
Factor Analysis
 
Eigenvalues from Scree Test
 
Call: fa.parallel(x = cor_fa)
Parallel analysis suggests that the number of factors =  22  and the number of components =  20 

 Eigen Values of 

 eigen values of factors
  [1] 27.43 12.69 11.75 10.44  9.47  7.98  7.66  7.24  6.82  6.23  5.94  5.76
 [13]  5.39  5.05  4.93  4.73  4.43  3.88  3.58  3.51  3.33  3.24  2.89  2.68
 [25]  2.56  2.46  2.33  2.30  2.14  1.96  1.86  1.75  1.57  1.45  1.36  1.16
 [37]  1.12  1.04  0.99  0.80  0.75  0.63  0.60  0.51  0.48  0.32  0.26  0.00
 [49]  0.00  0.00  0.00  0.00  0.00  0.00  0.00  0.00  0.00  0.00  0.00  0.00
 [61]  0.00  0.00  0.00  0.00  0.00  0.00  0.00  0.00  0.00  0.00  0.00 -0.01
 [73] -0.08 -0.30 -0.31 -0.32 -0.35 -0.37 -0.37 -0.38 -0.39 -0.39 -0.41 -0.42
 [85] -0.45 -0.46 -0.47 -0.48 -0.50 -0.51 -0.53 -0.55 -0.56 -0.58 -0.60 -0.66
 [97] -0.68 -0.70 -0.72 -0.73 -0.73 -0.73 -0.74 -0.76 -0.77 -0.77 -0.78 -0.78
[109] -0.78 -0.80 -0.80 -0.81 -0.82 -0.83 -0.84 -0.84 -0.86 -0.86 -0.86 -0.86
[121] -0.86 -0.87 -0.87 -0.88 -0.88 -0.89 -0.89 -0.89 -0.89 -0.90 -0.90 -0.90
[133] -0.90 -0.91 -0.91 -0.91 -0.92 -0.92 -0.92 -0.92 -0.92 -0.92 -0.93 -0.93
[145] -0.93 -0.93 -0.93 -0.94 -0.94 -0.94 -0.94 -0.94 -0.94 -0.94 -0.94 -0.94
[157] -0.94 -0.95 -0.95 -0.95 -0.95 -0.95 -0.95 -0.95 -0.95 -0.96 -0.96 -0.96
[169] -0.96 -0.96 -0.96 -0.96 -0.96 -0.96 -0.96 -0.96 -0.96 -0.96 -0.96 -0.97
[181] -0.97 -0.97 -0.97 -0.97 -0.97 -0.97 -0.97 -0.97 -0.97 -0.97 -0.97 -0.97
[193] -0.97 -0.97 -0.98 -0.98 -0.98 -0.98 -0.98 -0.98 -0.98 -0.98 -0.98 -0.98
[205] -0.98 -0.98 -0.98 -0.98 -0.98 -0.98 -0.98 -0.98 -0.98 -0.99 -0.99 -0.99
[217] -0.99 -0.99 -0.99 -0.99 -0.99 -0.99 -0.99 -0.99 -0.99 -0.99 -0.99 -0.99
[229] -0.99 -0.99 -0.99 -0.99 -0.99 -0.99 -0.99 -0.99 -0.99 -0.99 -0.99 -0.99
[241] -0.99 -0.99 -0.99 -0.99 -1.00 -1.00 -1.00 -1.00 -1.00 -1.00 -1.00 -1.00
[253] -1.00 -1.00 -1.00 -1.00 -1.00 -1.00 -1.00 -1.00 -1.00 -1.00 -1.00 -1.00
[265] -1.00 -1.00

 eigen values of simulated factors
  [1]  5.67  5.43  5.24  5.05  4.90  4.72  4.61  4.46  4.34  4.23  4.12  4.03
 [13]  3.92  3.82  3.71  3.61  3.53  3.46  3.36  3.29  3.22  3.15  3.06  2.98
 [25]  2.90  2.83  2.76  2.68  2.62  2.54  2.47  2.41  2.35  2.29  2.21  2.15
 [37]  2.09  2.03  1.99  1.92  1.86  1.82  1.76  1.70  1.65  1.59  1.55  1.49
 [49]  1.44  1.39  1.32  1.28  1.23  1.18  1.14  1.09  1.04  0.99  0.95  0.91
 [61]  0.86  0.82  0.78  0.74  0.70  0.65  0.61  0.57  0.53  0.50  0.45  0.43
 [73]  0.39  0.35  0.31  0.28  0.23  0.19  0.16  0.12  0.09  0.05  0.03 -0.01
 [85] -0.05 -0.08 -0.11 -0.15 -0.17 -0.21 -0.24 -0.28 -0.31 -0.34 -0.37 -0.41
 [97] -0.45 -0.49 -0.55 -0.87 -0.89 -0.90 -0.91 -0.91 -0.92 -0.92 -0.93 -0.93
[109] -0.93 -0.94 -0.94 -0.94 -0.94 -0.94 -0.95 -0.95 -0.95 -0.95 -0.95 -0.95
[121] -0.95 -0.95 -0.96 -0.96 -0.96 -0.96 -0.96 -0.96 -0.96 -0.96 -0.96 -0.96
[133] -0.97 -0.97 -0.97 -0.97 -0.97 -0.97 -0.97 -0.97 -0.97 -0.97 -0.97 -0.97
[145] -0.97 -0.97 -0.97 -0.97 -0.98 -0.98 -0.98 -0.98 -0.98 -0.98 -0.98 -0.98
[157] -0.98 -0.98 -0.98 -0.98 -0.98 -0.98 -0.98 -0.98 -0.98 -0.98 -0.98 -0.98
[169] -0.98 -0.98 -0.98 -0.98 -0.98 -0.98 -0.98 -0.99 -0.99 -0.99 -0.99 -0.99
[181] -0.99 -0.99 -0.99 -0.99 -0.99 -0.99 -0.99 -0.99 -0.99 -0.99 -0.99 -0.99
[193] -0.99 -0.99 -0.99 -0.99 -0.99 -0.99 -0.99 -0.99 -0.99 -0.99 -0.99 -0.99
[205] -0.99 -0.99 -0.99 -0.99 -0.99 -0.99 -0.99 -0.99 -0.99 -0.99 -0.99 -0.99
[217] -0.99 -0.99 -0.99 -0.99 -0.99 -0.99 -0.99 -0.99 -0.99 -1.00 -1.00 -1.00
[229] -1.00 -1.00 -1.00 -1.00 -1.00 -1.00 -1.00 -1.00 -1.00 -1.00 -1.00 -1.00
[241] -1.00 -1.00 -1.00 -1.00 -1.00 -1.00 -1.00 -1.00 -1.00 -1.00 -1.00 -1.00
[253] -1.00 -1.00 -1.00 -1.00 -1.00 -1.00 -1.00 -1.00 -1.00 -1.00 -1.00 -1.00
[265] -1.00 -1.00

 eigen values of components 
  [1] 28.04 13.60 12.65 11.35 10.39  8.92  8.59  8.17  7.74  7.14  6.88  6.66
 [13]  6.32  5.98  5.87  5.67  5.33  4.81  4.51  4.43  4.25  4.17  3.83  3.62
 [25]  3.47  3.38  3.25  3.24  3.06  2.86  2.77  2.68  2.48  2.36  2.29  2.08
 [37]  2.04  1.96  1.92  1.71  1.64  1.55  1.50  1.44  1.36  1.21  1.16  1.00
 [49]  1.00  1.00  1.00  1.00  1.00  1.00  1.00  1.00  1.00  1.00  1.00  1.00
 [61]  1.00  1.00  1.00  1.00  1.00  1.00  1.00  1.00  1.00  1.00  1.00  0.89
 [73]  0.77  0.00  0.00  0.00  0.00  0.00  0.00  0.00  0.00  0.00  0.00  0.00
 [85]  0.00  0.00  0.00  0.00  0.00  0.00  0.00  0.00  0.00  0.00  0.00  0.00
 [97]  0.00  0.00  0.00  0.00  0.00  0.00  0.00  0.00  0.00  0.00  0.00  0.00
[109]  0.00  0.00  0.00  0.00  0.00  0.00  0.00  0.00  0.00  0.00  0.00  0.00
[121]  0.00  0.00  0.00  0.00  0.00  0.00  0.00  0.00  0.00  0.00  0.00  0.00
[133]  0.00  0.00  0.00  0.00  0.00  0.00  0.00  0.00  0.00  0.00  0.00  0.00
[145]  0.00  0.00  0.00  0.00  0.00  0.00  0.00  0.00  0.00  0.00  0.00  0.00
[157]  0.00  0.00  0.00  0.00  0.00  0.00  0.00  0.00  0.00  0.00  0.00  0.00
[169]  0.00  0.00  0.00  0.00  0.00  0.00  0.00  0.00  0.00  0.00  0.00  0.00
[181]  0.00  0.00  0.00  0.00  0.00  0.00  0.00  0.00  0.00  0.00  0.00  0.00
[193]  0.00  0.00  0.00  0.00  0.00  0.00  0.00  0.00  0.00  0.00  0.00  0.00
[205]  0.00  0.00  0.00  0.00  0.00  0.00  0.00  0.00  0.00  0.00  0.00  0.00
[217]  0.00  0.00  0.00  0.00  0.00  0.00  0.00  0.00  0.00  0.00  0.00  0.00
[229]  0.00  0.00  0.00  0.00  0.00  0.00  0.00  0.00  0.00  0.00  0.00  0.00
[241]  0.00  0.00  0.00  0.00  0.00  0.00  0.00  0.00  0.00  0.00  0.00  0.00
[253]  0.00  0.00  0.00  0.00  0.00  0.00  0.00  0.00  0.00  0.00  0.00  0.00
[265]  0.00  0.00

 eigen values of simulated components
  [1] 6.61 6.41 6.22 6.03 5.88 5.70 5.60 5.44 5.32 5.21 5.10 5.01 4.90 4.80 4.69
 [16] 4.59 4.51 4.44 4.34 4.27 4.20 4.13 4.04 3.96 3.88 3.81 3.74 3.66 3.60 3.52
 [31] 3.45 3.39 3.33 3.26 3.19 3.13 3.07 3.01 2.97 2.90 2.84 2.80 2.74 2.68 2.63
 [46] 2.57 2.52 2.47 2.42 2.37 2.30 2.26 2.21 2.16 2.12 2.07 2.02 1.97 1.93 1.89
 [61] 1.84 1.79 1.76 1.72 1.68 1.63 1.59 1.55 1.51 1.48 1.43 1.40 1.36 1.32 1.29
 [76] 1.26 1.21 1.17 1.14 1.10 1.07 1.03 1.00 0.96 0.93 0.89 0.87 0.83 0.80 0.77
 [91] 0.73 0.70 0.66 0.64 0.60 0.57 0.53 0.49 0.43 0.00 0.00 0.00 0.00 0.00 0.00
[106] 0.00 0.00 0.00 0.00 0.00 0.00 0.00 0.00 0.00 0.00 0.00 0.00 0.00 0.00 0.00
[121] 0.00 0.00 0.00 0.00 0.00 0.00 0.00 0.00 0.00 0.00 0.00 0.00 0.00 0.00 0.00
[136] 0.00 0.00 0.00 0.00 0.00 0.00 0.00 0.00 0.00 0.00 0.00 0.00 0.00 0.00 0.00
[151] 0.00 0.00 0.00 0.00 0.00 0.00 0.00 0.00 0.00 0.00 0.00 0.00 0.00 0.00 0.00
[166] 0.00 0.00 0.00 0.00 0.00 0.00 0.00 0.00 0.00 0.00 0.00 0.00 0.00 0.00 0.00
[181] 0.00 0.00 0.00 0.00 0.00 0.00 0.00 0.00 0.00 0.00 0.00 0.00 0.00 0.00 0.00
[196] 0.00 0.00 0.00 0.00 0.00 0.00 0.00 0.00 0.00 0.00 0.00 0.00 0.00 0.00 0.00
[211] 0.00 0.00 0.00 0.00 0.00 0.00 0.00 0.00 0.00 0.00 0.00 0.00 0.00 0.00 0.00
[226] 0.00 0.00 0.00 0.00 0.00 0.00 0.00 0.00 0.00 0.00 0.00 0.00 0.00 0.00 0.00
[241] 0.00 0.00 0.00 0.00 0.00 0.00 0.00 0.00 0.00 0.00 0.00 0.00 0.00 0.00 0.00
[256] 0.00 0.00 0.00 0.00 0.00 0.00 0.00 0.00 0.00 0.00 0.00
 
Factor Loadings
 
        factor1
OHX02TC       1
OHX03TC       1
OHX04TC       1
OHX05TC       1
OHX06TC       1
OHX07TC       1
OHX08TC       1
OHX09TC       1
OHX10TC       1
OHX11TC       1
OHX12TC       1
OHX13TC       1
OHX14TC       1
OHX15TC       1
OHX18TC       1
OHX19TC       1
OHX21TC       1
OHX22TC       1
OHX23TC       1
OHX24TC       1
OHX25TC       1
OHX26TC       1
OHX27TC       1
OHX28TC       1
OHX29TC       1
OHX30TC       1
         factor2
LBDSF2LC       1
LBDSF5LC       1
LBDSF6LC       1
LBDHRPLC       1
        factor3
BMXHT         1
BMXARML       1
DBD905        1
HIQ270        1
HUQ030        1
INQ020        1
SMQ874        1
LBXTST        1
LBXEST        1
       factor4
HEQ030       1
HOD050       1
IND235       1
OHQ770       1
         factor5
BMXWT          1
BMXBMI         1
BMXARMC        1
BMXWAIST       1
BMXSAD1        1
BMXSAD2        1
BMDAVSAD       1
BPACSZ         1
         factor6
RIDAGEYR       1
MCQ370D        1
PAQ665         1
PAQ715         1
       factor7
BPXML1       1
BPXSY1       1
BPXDI1       1
BPXSY2       1
BPXSY3       1
         factor8
DMDHREDU       1
         factor9
LBXWBCSI       1
LBDNENO        1
         
 
Random Forest Variable Classification
 
Variable   MSE   Gini
1   INDFMPIR   5.9   1.17
2   URDACT   3.41   0.7
3   URXUMA   2.99   0.65
4   LBXSF2SI   4.85   0.64
6   URXUMS   3.19   0.55
9   LBDLYMNO   1.37   0.47
10   INDFMIN2   2.97   0.44
12   BMXHT   0.59   0.42
13   BMXWAIST   3.39   0.39
14   LBXMCHSI   0.18   0.37
16   HUQ010   2.56   0.33
18   BMXLEG   2.09   0.3
20   LBXSF4SI   1.06   0.3
21   BMXARML   0.26   0.29
22   BPXSY2   1.03   0.29
24   CBD071   1.88   0.29
26   WTMEC2YR   1.84   0.28
27   CBD131   2.7   0.27
29   PAQ635   2.54   0.26
31   LBXEST   2.02   0.25
37   BMXWT   1.88   0.23
39   LBXSF5SI   3.25   0.23
40   OHX16TC   5.17   0.23
44   INDHHIN2   2.58   0.22
45   LBDRFO   2.79   0.22
46   LBDRFOSI   0.48   0.22
50   DBQ197   2.53   0.21
51   LBDFOT   0.63   0.21
54   INQ320   3.79   0.2
56   HOQ065   1.27   0.19
60   BMXSAD2   1.55   0.18
62   LBXWBCSI   1.18   0.18
64   LBDFOTSI   1.8   0.18
65   HUQ051   2.43   0.18
69   CBD111   0.46   0.17
71   SLQ040   1.02   0.17
74   OHQ030   2.48   0.16
75   PAQ710   0.18   0.16
79   LBXSF1SI   0.71   0.15
80   CBD091   0.49   0.14
85   LBDEONO   1.36   0.11
86   LBXHCT   0.1   0.11
90   DIQ050   2.02   0.09
91   BPQ080   0.33   0.08
93   IND235   0.12   0.08
96   BPXML1   0.2   0.06
99   CBQ596   1.35   0.06
101   DLQ040   0.58   0.06
102   PAQ715   0.04   0.06
111   INQ020   1.7   0.05
112   OCD390G   0.27   0.05
113   OHQ033   0.13   0.05
114   OHX09TC   0.5   0.05
116   DMDFMSIZ   0.2   0.04
118   HSQ520   0.25   0.04
121   MCQ053   0.05   0.04
123   OHX11TC   0.87   0.04
125   SMQ860   0.47   0.04
128   MIALANG   1.29   0.03
129   DLQ080   0.27   0.03
130   HSQ510   0.38   0.03
131   INQ030   0.18   0.03
135   OCD150   0.01   0.03
136   OHQ770   1.34   0.03
137   OHX07TC   0.46   0.03
138   OHX19TC   0.22   0.03
139   OHX25TC   1.2   0.03
140   BPXPULS   0.19   0.02
143   CBQ550   1.39   0.02
154   HUQ030   1.41   0.02
159   MCQ365D   1.64   0.02
163   OHX06TC   1.16   0.02
164   OHX13TC   1.73   0.02
166   OHX32TC   0.13   0.02
171   SMQ874   0.18   0.02
172   BPQ020   0.48   0.01
178   RIDEXMON   0.44   0.01
179   SIALANG   1.36   0.01
182   FIAINTRP   0.02   0.01
186   DLQ020   0.34   0.01
191   HEQ010   0.68   0.01
192   HUQ071   1.14   0.01
193   HUQ090   0.62   0.01
195   INQ132   0.01   0.01
200   MCQ365B   0.85   0.01
205   OHX04TC   0.02   0.01
206   OHX08TC   0.4   0.01
208   OHX12TC   0.04   0.01
210   OHX15TC   0.85   0.01
211   OHX18TC   1.62   0.01
215   OHX24TC   0.92   0.01
216   OHX26TC   0.54   0.01
217   OHX27TC   0.65   0.01
219   OHX30TC   1.52   0.01
 
Summary of Model Variables
 
OHX19TC
   Min. 1st Qu.  Median    Mean 3rd Qu.    Max. 
  2.000   4.000   4.000   3.558   4.000   4.000 
 
BMDAVSAD
   Min. 1st Qu.  Median    Mean 3rd Qu.    Max. 
  17.40   22.20   24.50   24.89   27.60   36.20 
 
BMXHT
   Min. 1st Qu.  Median    Mean 3rd Qu.    Max. 
  144.2   157.1   165.0   164.6   171.3   190.9 
 
PAQ715
   Min. 1st Qu.  Median    Mean 3rd Qu.    Max. 
  0.000   1.000   4.000   4.159   8.000   8.000 
 
DMDHREDU
   Min. 1st Qu.  Median    Mean 3rd Qu.    Max. 
  1.000   3.000   4.000   3.345   4.000   5.000 
 
 
First Logistic Regression for Variable Direction
 

Call:
glm(formula = outcome ~ OHX19TC + BMDAVSAD + BMXHT + PAQ715 + 
    DMDHREDU, data = df_nev)

Deviance Residuals: 
    Min       1Q   Median       3Q      Max  
-0.6288  -0.4328  -0.2969   0.5333   0.6795  

Coefficients:
             Estimate Std. Error t value Pr(>|t|)
(Intercept)  0.966628   0.921918   1.048    0.297
OHX19TC      0.051009   0.057916   0.881    0.380
BMDAVSAD     0.006386   0.012583   0.508    0.613
BMXHT       -0.004920   0.005329  -0.923    0.358
PAQ715       0.008425   0.014859   0.567    0.572
DMDHREDU    -0.026824   0.041745  -0.643    0.522

(Dispersion parameter for gaussian family taken to be 0.2531246)

    Null deviance: 27.876  on 112  degrees of freedom
Residual deviance: 27.084  on 107  degrees of freedom
AIC: 173.27

Number of Fisher Scoring iterations: 2

 
Training Logistic Regression Model
 

Call:
glm(formula = outcome ~ OHX19TC + BMDAVSAD + BMXHT + PAQ715 + 
    DMDHREDU, data = df_nev)

Deviance Residuals: 
    Min       1Q   Median       3Q      Max  
-0.6288  -0.4328  -0.2969   0.5333   0.6795  

Coefficients:
             Estimate Std. Error t value Pr(>|t|)
(Intercept)  0.966628   0.921918   1.048    0.297
OHX19TC      0.051009   0.057916   0.881    0.380
BMDAVSAD     0.006386   0.012583   0.508    0.613
BMXHT       -0.004920   0.005329  -0.923    0.358
PAQ715       0.008425   0.014859   0.567    0.572
DMDHREDU    -0.026824   0.041745  -0.643    0.522

(Dispersion parameter for gaussian family taken to be 0.2531246)

    Null deviance: 27.876  on 112  degrees of freedom
Residual deviance: 27.084  on 107  degrees of freedom
AIC: 173.27

Number of Fisher Scoring iterations: 2

 
Stepwise Backwards Selection
 

Call:
glm(formula = outcome ~ V1 + V2 + V3 + V4 + V5, data = train)

Deviance Residuals: 
    Min       1Q   Median       3Q      Max  
-0.4557  -0.1609  -0.1399  -0.0681   1.0151  

Coefficients:
            Estimate Std. Error t value Pr(>|t|)    
(Intercept)  0.07380    0.01383   5.335 9.97e-08 ***
V1           0.08317    0.01443   5.763 8.74e-09 ***
V2           0.21160    0.01918  11.035  < 2e-16 ***
V3          -0.08887    0.01095  -8.116 6.02e-16 ***
V4           0.07177    0.01135   6.325 2.75e-10 ***
V5           0.01537    0.01036   1.483    0.138    
---
Signif. codes:  0 '***' 0.001 '**' 0.01 '*' 0.05 '.' 0.1 ' ' 1

(Dispersion parameter for gaussian family taken to be 0.1255541)

    Null deviance: 661.38  on 4984  degrees of freedom
Residual deviance: 625.13  on 4979  degrees of freedom
AIC: 3810.8

Number of Fisher Scoring iterations: 2



 
Risk Score Validation
 
Area under the curve: 0.6123
 
=======
Factor Analysis
 
Eigenvalues from Scree Test
 
Call: fa.parallel(x = cor_fa)
Parallel analysis suggests that the number of factors =  22  and the number of components =  20 

 Eigen Values of 

 eigen values of factors
  [1] 27.43 12.69 11.75 10.44  9.47  7.98  7.66  7.24  6.82  6.23  5.94  5.76
 [13]  5.39  5.05  4.93  4.73  4.43  3.88  3.58  3.51  3.33  3.24  2.89  2.68
 [25]  2.56  2.46  2.33  2.30  2.14  1.96  1.86  1.75  1.57  1.45  1.36  1.16
 [37]  1.12  1.04  0.99  0.80  0.75  0.63  0.60  0.51  0.48  0.32  0.26  0.00
 [49]  0.00  0.00  0.00  0.00  0.00  0.00  0.00  0.00  0.00  0.00  0.00  0.00
 [61]  0.00  0.00  0.00  0.00  0.00  0.00  0.00  0.00  0.00  0.00  0.00 -0.01
 [73] -0.08 -0.30 -0.31 -0.32 -0.35 -0.37 -0.37 -0.38 -0.39 -0.39 -0.41 -0.42
 [85] -0.45 -0.46 -0.47 -0.48 -0.50 -0.51 -0.53 -0.55 -0.56 -0.58 -0.60 -0.66
 [97] -0.68 -0.70 -0.72 -0.73 -0.73 -0.73 -0.74 -0.76 -0.77 -0.77 -0.78 -0.78
[109] -0.78 -0.80 -0.80 -0.81 -0.82 -0.83 -0.84 -0.84 -0.86 -0.86 -0.86 -0.86
[121] -0.86 -0.87 -0.87 -0.88 -0.88 -0.89 -0.89 -0.89 -0.89 -0.90 -0.90 -0.90
[133] -0.90 -0.91 -0.91 -0.91 -0.92 -0.92 -0.92 -0.92 -0.92 -0.92 -0.93 -0.93
[145] -0.93 -0.93 -0.93 -0.94 -0.94 -0.94 -0.94 -0.94 -0.94 -0.94 -0.94 -0.94
[157] -0.94 -0.95 -0.95 -0.95 -0.95 -0.95 -0.95 -0.95 -0.95 -0.96 -0.96 -0.96
[169] -0.96 -0.96 -0.96 -0.96 -0.96 -0.96 -0.96 -0.96 -0.96 -0.96 -0.96 -0.97
[181] -0.97 -0.97 -0.97 -0.97 -0.97 -0.97 -0.97 -0.97 -0.97 -0.97 -0.97 -0.97
[193] -0.97 -0.97 -0.98 -0.98 -0.98 -0.98 -0.98 -0.98 -0.98 -0.98 -0.98 -0.98
[205] -0.98 -0.98 -0.98 -0.98 -0.98 -0.98 -0.98 -0.98 -0.98 -0.99 -0.99 -0.99
[217] -0.99 -0.99 -0.99 -0.99 -0.99 -0.99 -0.99 -0.99 -0.99 -0.99 -0.99 -0.99
[229] -0.99 -0.99 -0.99 -0.99 -0.99 -0.99 -0.99 -0.99 -0.99 -0.99 -0.99 -0.99
[241] -0.99 -0.99 -0.99 -0.99 -1.00 -1.00 -1.00 -1.00 -1.00 -1.00 -1.00 -1.00
[253] -1.00 -1.00 -1.00 -1.00 -1.00 -1.00 -1.00 -1.00 -1.00 -1.00 -1.00 -1.00
[265] -1.00 -1.00

 eigen values of simulated factors
  [1]  5.67  5.43  5.24  5.05  4.90  4.72  4.61  4.46  4.34  4.23  4.12  4.03
 [13]  3.92  3.82  3.71  3.61  3.53  3.46  3.36  3.29  3.22  3.15  3.06  2.98
 [25]  2.90  2.83  2.76  2.68  2.62  2.54  2.47  2.41  2.35  2.29  2.21  2.15
 [37]  2.09  2.03  1.99  1.92  1.86  1.82  1.76  1.70  1.65  1.59  1.55  1.49
 [49]  1.44  1.39  1.32  1.28  1.23  1.18  1.14  1.09  1.04  0.99  0.95  0.91
 [61]  0.86  0.82  0.78  0.74  0.70  0.65  0.61  0.57  0.53  0.50  0.45  0.43
 [73]  0.39  0.35  0.31  0.28  0.23  0.19  0.16  0.12  0.09  0.05  0.03 -0.01
 [85] -0.05 -0.08 -0.11 -0.15 -0.17 -0.21 -0.24 -0.28 -0.31 -0.34 -0.37 -0.41
 [97] -0.45 -0.49 -0.55 -0.87 -0.89 -0.90 -0.91 -0.91 -0.92 -0.92 -0.93 -0.93
[109] -0.93 -0.94 -0.94 -0.94 -0.94 -0.94 -0.95 -0.95 -0.95 -0.95 -0.95 -0.95
[121] -0.95 -0.95 -0.96 -0.96 -0.96 -0.96 -0.96 -0.96 -0.96 -0.96 -0.96 -0.96
[133] -0.97 -0.97 -0.97 -0.97 -0.97 -0.97 -0.97 -0.97 -0.97 -0.97 -0.97 -0.97
[145] -0.97 -0.97 -0.97 -0.97 -0.98 -0.98 -0.98 -0.98 -0.98 -0.98 -0.98 -0.98
[157] -0.98 -0.98 -0.98 -0.98 -0.98 -0.98 -0.98 -0.98 -0.98 -0.98 -0.98 -0.98
[169] -0.98 -0.98 -0.98 -0.98 -0.98 -0.98 -0.98 -0.99 -0.99 -0.99 -0.99 -0.99
[181] -0.99 -0.99 -0.99 -0.99 -0.99 -0.99 -0.99 -0.99 -0.99 -0.99 -0.99 -0.99
[193] -0.99 -0.99 -0.99 -0.99 -0.99 -0.99 -0.99 -0.99 -0.99 -0.99 -0.99 -0.99
[205] -0.99 -0.99 -0.99 -0.99 -0.99 -0.99 -0.99 -0.99 -0.99 -0.99 -0.99 -0.99
[217] -0.99 -0.99 -0.99 -0.99 -0.99 -0.99 -0.99 -0.99 -0.99 -1.00 -1.00 -1.00
[229] -1.00 -1.00 -1.00 -1.00 -1.00 -1.00 -1.00 -1.00 -1.00 -1.00 -1.00 -1.00
[241] -1.00 -1.00 -1.00 -1.00 -1.00 -1.00 -1.00 -1.00 -1.00 -1.00 -1.00 -1.00
[253] -1.00 -1.00 -1.00 -1.00 -1.00 -1.00 -1.00 -1.00 -1.00 -1.00 -1.00 -1.00
[265] -1.00 -1.00

 eigen values of components 
  [1] 28.04 13.60 12.65 11.35 10.39  8.92  8.59  8.17  7.74  7.14  6.88  6.66
 [13]  6.32  5.98  5.87  5.67  5.33  4.81  4.51  4.43  4.25  4.17  3.83  3.62
 [25]  3.47  3.38  3.25  3.24  3.06  2.86  2.77  2.68  2.48  2.36  2.29  2.08
 [37]  2.04  1.96  1.92  1.71  1.64  1.55  1.50  1.44  1.36  1.21  1.16  1.00
 [49]  1.00  1.00  1.00  1.00  1.00  1.00  1.00  1.00  1.00  1.00  1.00  1.00
 [61]  1.00  1.00  1.00  1.00  1.00  1.00  1.00  1.00  1.00  1.00  1.00  0.89
 [73]  0.77  0.00  0.00  0.00  0.00  0.00  0.00  0.00  0.00  0.00  0.00  0.00
 [85]  0.00  0.00  0.00  0.00  0.00  0.00  0.00  0.00  0.00  0.00  0.00  0.00
 [97]  0.00  0.00  0.00  0.00  0.00  0.00  0.00  0.00  0.00  0.00  0.00  0.00
[109]  0.00  0.00  0.00  0.00  0.00  0.00  0.00  0.00  0.00  0.00  0.00  0.00
[121]  0.00  0.00  0.00  0.00  0.00  0.00  0.00  0.00  0.00  0.00  0.00  0.00
[133]  0.00  0.00  0.00  0.00  0.00  0.00  0.00  0.00  0.00  0.00  0.00  0.00
[145]  0.00  0.00  0.00  0.00  0.00  0.00  0.00  0.00  0.00  0.00  0.00  0.00
[157]  0.00  0.00  0.00  0.00  0.00  0.00  0.00  0.00  0.00  0.00  0.00  0.00
[169]  0.00  0.00  0.00  0.00  0.00  0.00  0.00  0.00  0.00  0.00  0.00  0.00
[181]  0.00  0.00  0.00  0.00  0.00  0.00  0.00  0.00  0.00  0.00  0.00  0.00
[193]  0.00  0.00  0.00  0.00  0.00  0.00  0.00  0.00  0.00  0.00  0.00  0.00
[205]  0.00  0.00  0.00  0.00  0.00  0.00  0.00  0.00  0.00  0.00  0.00  0.00
[217]  0.00  0.00  0.00  0.00  0.00  0.00  0.00  0.00  0.00  0.00  0.00  0.00
[229]  0.00  0.00  0.00  0.00  0.00  0.00  0.00  0.00  0.00  0.00  0.00  0.00
[241]  0.00  0.00  0.00  0.00  0.00  0.00  0.00  0.00  0.00  0.00  0.00  0.00
[253]  0.00  0.00  0.00  0.00  0.00  0.00  0.00  0.00  0.00  0.00  0.00  0.00
[265]  0.00  0.00

 eigen values of simulated components
  [1] 6.61 6.41 6.22 6.03 5.88 5.70 5.60 5.44 5.32 5.21 5.10 5.01 4.90 4.80 4.69
 [16] 4.59 4.51 4.44 4.34 4.27 4.20 4.13 4.04 3.96 3.88 3.81 3.74 3.66 3.60 3.52
 [31] 3.45 3.39 3.33 3.26 3.19 3.13 3.07 3.01 2.97 2.90 2.84 2.80 2.74 2.68 2.63
 [46] 2.57 2.52 2.47 2.42 2.37 2.30 2.26 2.21 2.16 2.12 2.07 2.02 1.97 1.93 1.89
 [61] 1.84 1.79 1.76 1.72 1.68 1.63 1.59 1.55 1.51 1.48 1.43 1.40 1.36 1.32 1.29
 [76] 1.26 1.21 1.17 1.14 1.10 1.07 1.03 1.00 0.96 0.93 0.89 0.87 0.83 0.80 0.77
 [91] 0.73 0.70 0.66 0.64 0.60 0.57 0.53 0.49 0.43 0.00 0.00 0.00 0.00 0.00 0.00
[106] 0.00 0.00 0.00 0.00 0.00 0.00 0.00 0.00 0.00 0.00 0.00 0.00 0.00 0.00 0.00
[121] 0.00 0.00 0.00 0.00 0.00 0.00 0.00 0.00 0.00 0.00 0.00 0.00 0.00 0.00 0.00
[136] 0.00 0.00 0.00 0.00 0.00 0.00 0.00 0.00 0.00 0.00 0.00 0.00 0.00 0.00 0.00
[151] 0.00 0.00 0.00 0.00 0.00 0.00 0.00 0.00 0.00 0.00 0.00 0.00 0.00 0.00 0.00
[166] 0.00 0.00 0.00 0.00 0.00 0.00 0.00 0.00 0.00 0.00 0.00 0.00 0.00 0.00 0.00
[181] 0.00 0.00 0.00 0.00 0.00 0.00 0.00 0.00 0.00 0.00 0.00 0.00 0.00 0.00 0.00
[196] 0.00 0.00 0.00 0.00 0.00 0.00 0.00 0.00 0.00 0.00 0.00 0.00 0.00 0.00 0.00
[211] 0.00 0.00 0.00 0.00 0.00 0.00 0.00 0.00 0.00 0.00 0.00 0.00 0.00 0.00 0.00
[226] 0.00 0.00 0.00 0.00 0.00 0.00 0.00 0.00 0.00 0.00 0.00 0.00 0.00 0.00 0.00
[241] 0.00 0.00 0.00 0.00 0.00 0.00 0.00 0.00 0.00 0.00 0.00 0.00 0.00 0.00 0.00
[256] 0.00 0.00 0.00 0.00 0.00 0.00 0.00 0.00 0.00 0.00 0.00
 
Factor Loadings
 
        factor1
OHX02TC       1
OHX03TC       1
OHX04TC       1
OHX05TC       1
OHX06TC       1
OHX07TC       1
OHX08TC       1
OHX09TC       1
OHX10TC       1
OHX11TC       1
OHX12TC       1
OHX13TC       1
OHX14TC       1
OHX15TC       1
OHX18TC       1
OHX19TC       1
OHX21TC       1
OHX22TC       1
OHX23TC       1
OHX24TC       1
OHX25TC       1
OHX26TC       1
OHX27TC       1
OHX28TC       1
OHX29TC       1
OHX30TC       1
         factor2
LBDSF2LC       1
LBDSF5LC       1
LBDSF6LC       1
LBDHRPLC       1
        factor3
BMXHT         1
BMXARML       1
DBD905        1
HIQ270        1
HUQ030        1
INQ020        1
SMQ874        1
LBXTST        1
LBXEST        1
       factor4
HEQ030       1
HOD050       1
IND235       1
OHQ770       1
         factor5
BMXWT          1
BMXBMI         1
BMXARMC        1
BMXWAIST       1
BMXSAD1        1
BMXSAD2        1
BMDAVSAD       1
BPACSZ         1
         factor6
RIDAGEYR       1
MCQ370D        1
PAQ665         1
PAQ715         1
       factor7
BPXML1       1
BPXSY1       1
BPXDI1       1
BPXSY2       1
BPXSY3       1
         factor8
DMDHREDU       1
         factor9
LBXWBCSI       1
LBDNENO        1
         
 
Random Forest Variable Classification
 
Variable   MSE   Gini
1   INDFMPIR   5.9   1.17
2   URDACT   3.41   0.7
3   URXUMA   2.99   0.65
4   LBXSF2SI   4.85   0.64
6   URXUMS   3.19   0.55
9   LBDLYMNO   1.37   0.47
10   INDFMIN2   2.97   0.44
12   BMXHT   0.59   0.42
13   BMXWAIST   3.39   0.39
14   LBXMCHSI   0.18   0.37
16   HUQ010   2.56   0.33
18   BMXLEG   2.09   0.3
20   LBXSF4SI   1.06   0.3
21   BMXARML   0.26   0.29
22   BPXSY2   1.03   0.29
24   CBD071   1.88   0.29
26   WTMEC2YR   1.84   0.28
27   CBD131   2.7   0.27
29   PAQ635   2.54   0.26
31   LBXEST   2.02   0.25
37   BMXWT   1.88   0.23
39   LBXSF5SI   3.25   0.23
40   OHX16TC   5.17   0.23
44   INDHHIN2   2.58   0.22
45   LBDRFO   2.79   0.22
46   LBDRFOSI   0.48   0.22
50   DBQ197   2.53   0.21
51   LBDFOT   0.63   0.21
54   INQ320   3.79   0.2
56   HOQ065   1.27   0.19
60   BMXSAD2   1.55   0.18
62   LBXWBCSI   1.18   0.18
64   LBDFOTSI   1.8   0.18
65   HUQ051   2.43   0.18
69   CBD111   0.46   0.17
71   SLQ040   1.02   0.17
74   OHQ030   2.48   0.16
75   PAQ710   0.18   0.16
79   LBXSF1SI   0.71   0.15
80   CBD091   0.49   0.14
85   LBDEONO   1.36   0.11
86   LBXHCT   0.1   0.11
90   DIQ050   2.02   0.09
91   BPQ080   0.33   0.08
93   IND235   0.12   0.08
96   BPXML1   0.2   0.06
99   CBQ596   1.35   0.06
101   DLQ040   0.58   0.06
102   PAQ715   0.04   0.06
111   INQ020   1.7   0.05
112   OCD390G   0.27   0.05
113   OHQ033   0.13   0.05
114   OHX09TC   0.5   0.05
116   DMDFMSIZ   0.2   0.04
118   HSQ520   0.25   0.04
121   MCQ053   0.05   0.04
123   OHX11TC   0.87   0.04
125   SMQ860   0.47   0.04
128   MIALANG   1.29   0.03
129   DLQ080   0.27   0.03
130   HSQ510   0.38   0.03
131   INQ030   0.18   0.03
135   OCD150   0.01   0.03
136   OHQ770   1.34   0.03
137   OHX07TC   0.46   0.03
138   OHX19TC   0.22   0.03
139   OHX25TC   1.2   0.03
140   BPXPULS   0.19   0.02
143   CBQ550   1.39   0.02
154   HUQ030   1.41   0.02
159   MCQ365D   1.64   0.02
163   OHX06TC   1.16   0.02
164   OHX13TC   1.73   0.02
166   OHX32TC   0.13   0.02
171   SMQ874   0.18   0.02
172   BPQ020   0.48   0.01
178   RIDEXMON   0.44   0.01
179   SIALANG   1.36   0.01
182   FIAINTRP   0.02   0.01
186   DLQ020   0.34   0.01
191   HEQ010   0.68   0.01
192   HUQ071   1.14   0.01
193   HUQ090   0.62   0.01
195   INQ132   0.01   0.01
200   MCQ365B   0.85   0.01
205   OHX04TC   0.02   0.01
206   OHX08TC   0.4   0.01
208   OHX12TC   0.04   0.01
210   OHX15TC   0.85   0.01
211   OHX18TC   1.62   0.01
215   OHX24TC   0.92   0.01
216   OHX26TC   0.54   0.01
217   OHX27TC   0.65   0.01
219   OHX30TC   1.52   0.01
 
Summary of Model Variables
 
OHX19TC
   Min. 1st Qu.  Median    Mean 3rd Qu.    Max. 
  2.000   4.000   4.000   3.558   4.000   4.000 
 
BMDAVSAD
   Min. 1st Qu.  Median    Mean 3rd Qu.    Max. 
  17.40   22.20   24.50   24.89   27.60   36.20 
 
BMXHT
   Min. 1st Qu.  Median    Mean 3rd Qu.    Max. 
  144.2   157.1   165.0   164.6   171.3   190.9 
 
PAQ715
   Min. 1st Qu.  Median    Mean 3rd Qu.    Max. 
  0.000   1.000   4.000   4.159   8.000   8.000 
 
DMDHREDU
   Min. 1st Qu.  Median    Mean 3rd Qu.    Max. 
  1.000   3.000   4.000   3.345   4.000   5.000 
 
 
First Logistic Regression for Variable Direction
 

Call:
glm(formula = outcome ~ OHX19TC + BMDAVSAD + BMXHT + PAQ715 + 
    DMDHREDU, data = df_nev)

Deviance Residuals: 
    Min       1Q   Median       3Q      Max  
-0.6288  -0.4328  -0.2969   0.5333   0.6795  

Coefficients:
             Estimate Std. Error t value Pr(>|t|)
(Intercept)  0.966628   0.921918   1.048    0.297
OHX19TC      0.051009   0.057916   0.881    0.380
BMDAVSAD     0.006386   0.012583   0.508    0.613
BMXHT       -0.004920   0.005329  -0.923    0.358
PAQ715       0.008425   0.014859   0.567    0.572
DMDHREDU    -0.026824   0.041745  -0.643    0.522

(Dispersion parameter for gaussian family taken to be 0.2531246)

    Null deviance: 27.876  on 112  degrees of freedom
Residual deviance: 27.084  on 107  degrees of freedom
AIC: 173.27

Number of Fisher Scoring iterations: 2

 
Training Logistic Regression Model
 

Call:
glm(formula = outcome ~ OHX19TC + BMDAVSAD + BMXHT + PAQ715 + 
    DMDHREDU, data = df_nev)

Deviance Residuals: 
    Min       1Q   Median       3Q      Max  
-0.6288  -0.4328  -0.2969   0.5333   0.6795  

Coefficients:
             Estimate Std. Error t value Pr(>|t|)
(Intercept)  0.966628   0.921918   1.048    0.297
OHX19TC      0.051009   0.057916   0.881    0.380
BMDAVSAD     0.006386   0.012583   0.508    0.613
BMXHT       -0.004920   0.005329  -0.923    0.358
PAQ715       0.008425   0.014859   0.567    0.572
DMDHREDU    -0.026824   0.041745  -0.643    0.522

(Dispersion parameter for gaussian family taken to be 0.2531246)

    Null deviance: 27.876  on 112  degrees of freedom
Residual deviance: 27.084  on 107  degrees of freedom
AIC: 173.27

Number of Fisher Scoring iterations: 2

 
Stepwise Backwards Selection
 

Call:
glm(formula = outcome ~ V1 + V2 + V3 + V4 + V5, data = train)

Deviance Residuals: 
    Min       1Q   Median       3Q      Max  
-0.4557  -0.1609  -0.1399  -0.0681   1.0151  

Coefficients:
            Estimate Std. Error t value Pr(>|t|)    
(Intercept)  0.07380    0.01383   5.335 9.97e-08 ***
V1           0.08317    0.01443   5.763 8.74e-09 ***
V2           0.21160    0.01918  11.035  < 2e-16 ***
V3          -0.08887    0.01095  -8.116 6.02e-16 ***
V4           0.07177    0.01135   6.325 2.75e-10 ***
V5           0.01537    0.01036   1.483    0.138    
---
Signif. codes:  0 '***' 0.001 '**' 0.01 '*' 0.05 '.' 0.1 ' ' 1

(Dispersion parameter for gaussian family taken to be 0.1255541)

    Null deviance: 661.38  on 4984  degrees of freedom
Residual deviance: 625.13  on 4979  degrees of freedom
AIC: 3810.8

Number of Fisher Scoring iterations: 2



 
Risk Score Validation
 
Area under the curve: 0.6123
 
>>>>>>> 321eaea894d29a3f212ee3e111b86695f46cf6db
