Factor Analysis
 
Eigenvalues from Scree Test
 
Call: fa.parallel(x = cor_fa)
Parallel analysis suggests that the number of factors =  6  and the number of components =  6 

Eigen values of factors

  [1] 23.01 16.57 12.56 10.13  9.44  7.40  6.39  6.32  6.04  5.57  5.35  4.74
 [13]  4.69  4.55  4.19  3.96  3.63  3.58  3.29  3.16  3.11  3.01  2.81  2.73
 [25]  2.61  2.52  2.49  2.41  2.31  2.21  2.15  2.10  2.08  1.99  1.97  1.90
 [37]  1.81  1.79  1.73  1.68  1.65  1.58  1.57  1.50  1.45  1.43  1.35  1.32
 [49]  1.26  1.22  1.20  1.18  1.16  1.15  1.10  1.06  1.03  0.97  0.94  0.93
 [61]  0.89  0.86  0.84  0.80  0.78  0.78  0.75  0.72  0.71  0.68  0.64  0.62
 [73]  0.60  0.57  0.56  0.53  0.50  0.48  0.47  0.45  0.43  0.39  0.38  0.35
 [85]  0.34  0.33  0.31  0.29  0.28  0.25  0.24  0.21  0.19  0.19  0.16  0.14
 [97]  0.14  0.13  0.12  0.10  0.08  0.07  0.06  0.05  0.01  0.01  0.00  0.00
[109]  0.00  0.00  0.00  0.00  0.00  0.00  0.00  0.00  0.00  0.00  0.00  0.00
[121]  0.00  0.00  0.00  0.00  0.00  0.00  0.00  0.00  0.00  0.00  0.00  0.00
[133]  0.00  0.00  0.00  0.00  0.00  0.00  0.00  0.00  0.00  0.00  0.00  0.00
[145]  0.00  0.00  0.00  0.00  0.00 -0.01 -0.02 -0.03 -0.04 -0.06 -0.08 -0.09
[157] -0.10 -0.11 -0.14 -0.14 -0.16 -0.17 -0.17 -0.20 -0.20 -0.21 -0.22 -0.24
[169] -0.25 -0.25 -0.26 -0.26 -0.27 -0.30 -0.31 -0.31 -0.32 -0.33 -0.33 -0.34
[181] -0.36 -0.36 -0.37 -0.37 -0.38 -0.39 -0.41 -0.42 -0.43 -0.44 -0.45 -0.45
[193] -0.46 -0.47 -0.47 -0.48 -0.49 -0.49 -0.50 -0.50 -0.51 -0.52 -0.53 -0.53
[205] -0.54 -0.55 -0.55 -0.56 -0.56 -0.57 -0.57 -0.58 -0.58 -0.59 -0.59 -0.60
[217] -0.61 -0.61 -0.61 -0.62 -0.62 -0.63 -0.63 -0.63 -0.64 -0.64 -0.65 -0.66
[229] -0.66 -0.66 -0.67 -0.67 -0.68 -0.68 -0.68 -0.69 -0.69 -0.69 -0.70 -0.70
[241] -0.70 -0.71 -0.71 -0.72 -0.72 -0.73 -0.73 -0.73 -0.74 -0.74 -0.74 -0.75
[253] -0.75 -0.75 -0.76 -0.76 -0.76 -0.76 -0.77 -0.77 -0.78 -0.78 -0.79 -0.79
[265] -0.79 -0.80 -0.80 -0.80 -0.81 -0.81 -0.81 -0.82 -0.82 -0.82 -0.83 -0.83
[277] -0.83 -0.83 -0.84 -0.84 -0.85 -0.85 -0.85 -0.85 -0.86 -0.86 -0.86 -0.86
[289] -0.87 -0.87 -0.87 -0.87 -0.88 -0.88 -0.88 -0.89 -0.89 -0.89 -0.89 -0.90
[301] -0.90 -0.90 -0.90 -0.90 -0.90 -0.91 -0.91 -0.91 -0.91 -0.92 -0.92 -0.92
[313] -0.92 -0.92 -0.93 -0.93 -0.93 -0.93 -0.93 -0.93 -0.94 -0.94 -0.94 -0.94
[325] -0.94 -0.94 -0.94 -0.94 -0.94 -0.95 -0.95 -0.95 -0.95 -0.95 -0.95 -0.95
[337] -0.96 -0.96 -0.96 -0.96 -0.96 -0.96 -0.96 -0.96 -0.96 -0.96 -0.96 -0.96
[349] -0.96 -0.96 -0.96 -0.97 -0.97 -0.97 -0.97 -0.97 -0.97 -0.97 -0.97 -0.97
[361] -0.97 -0.97 -0.97 -0.97 -0.97 -0.97 -0.98 -0.98 -0.98 -0.98 -0.98 -0.98
[373] -0.98 -0.98 -0.98 -0.98 -0.98 -0.98 -0.98 -0.98 -0.98 -0.98 -0.98 -0.98
[385] -0.99 -0.99 -0.99 -0.99 -0.99 -0.99 -0.99 -0.99 -0.99 -0.99 -0.99 -0.99
[397] -0.99 -0.99 -0.99 -0.99 -0.99 -0.99 -0.99 -0.99 -1.00 -1.00 -1.00 -1.00
[409] -1.00 -1.00 -1.00 -1.00 -1.00 -1.00 -1.00 -1.00 -1.00 -1.00 -1.00 -1.00
[421] -1.00 -1.00 -1.00 -1.00 -1.00 -1.00 -1.00
 
Factor Loadings
 
         factor1
RIDAGEYR       1
OHX02TC        1
OHX03TC        1
OHX04TC        1
OHX05TC        1
OHX06TC        1
OHX07TC        1
OHX08TC        1
OHX09TC        1
OHX10TC        1
OHX11TC        1
OHX12TC        1
OHX13TC        1
OHX14TC        1
OHX15TC        1
OHX18TC        1
OHX19TC        1
OHX20TC        1
OHX21TC        1
OHX22TC        1
OHX23TC        1
OHX24TC        1
OHX25TC        1
OHX26TC        1
OHX27TC        1
OHX28TC        1
OHX29TC        1
OHX30TC        1
OHX31TC        1
         factor2
LBDHCTLC       1
SMQ020         1
SMQ900         1
SMQ681         1
SMDANY         1
LBD2DFLC       1
LBDVBZLC       1
LBDVZBLC       1
LBDVEBLC       1
LBDVFNLC       1
LBDVIBLC       1
LBDVOXLC       1
        factor3
MCQ365A       1
         factor4
SIALANG        1
DMDHRBR4       1
       factor5
BMXHT        1
BMXLEG       1
DLQ140       1
LBXTST       1
        factor6
LBXV07N       1
LBXVC6        1
LBXVEB        1
LBXVIPB       1
LBXVOX        1
LBXVXY        1
 
RIDAGEYR       1Random Forest Variable Classification
 
Variable   MSE   Gini
1   RIDAGEYR   26.39   10.98
2   LBXSGL   16.34   4.44
3   LBDSGLSI   17.6   4.44
4   LBXRDW   9.56   3.71
5   DMDHRAGE   8.51   3.46
6   LBXMCHSI   7   2.3
7   LBXEST   7.06   2.3
8   LBDSIRSI   2.04   2.01
9   LBXMCVSI   4.74   2.01
10   LBXMOPCT   3.59   1.87
11   BMXLEG   6.69   1.83
12   LBXSF2SI   2.29   1.82
13   URXVOL1   1.04   1.82
14   BMXSAD1   5.99   1.81
15   LBXSIR   3.68   1.79
16   BMXWAIST   4.37   1.76
17   LBXSCK   -2   1.75
18   LBXSLDSI   0.67   1.74
19   WTINT2YR   5.79   1.74
20   LBXRBCSI   5.41   1.71
21   WTSVS2YR   7.45   1.69
22   BMXSAD2   5.09   1.67
23   LBXSHBG   -0.06   1.61
24   BPXDI1   6.43   1.55
25   URDACT   -0.39   1.53
26   LBXMPSI   2.92   1.5
27   WTMEC2YR   6.52   1.47
28   LBXWBCSI   1.57   1.43
29   BMXHT   0.71   1.4
30   BPXDI2   3   1.4
31   LBXPLTSI   -0.2   1.38
32   BPXML1   8.35   1.36
33   CBD071   4.12   1.36
34   LBXLYPCT   0.47   1.35
35   LBXSF6SI   -0.89   1.34
36   BMDAVSAD   4.5   1.33
37   LBXSKSI   -1.76   1.32
38   BMXBMI   0.92   1.31
39   LBXHSCRP   0.8   1.29
40   LBXNEPCT   1.21   1.28
41   LBDSTRSI   1.72   1.27
42   PAD680   0.99   1.27
43   LBDNENO   0.35   1.26
44   LBDRFOSI   2.9   1.26
45   LBXVCF   2.93   1.26
46   LBXSTR   0.33   1.24
47   LBXTST   2.45   1.24
48   LBXSCR   4.89   1.22
49   BMXARML   0.39   1.22
50   BPQ020   4.71   1.2
51   LBDRFO   1.11   1.2
52   BMXARMC   3.15   1.19
53   BPXDI3   2.23   1.18
54   LBXSCH   0.18   1.17
55   URXUMS   0.68   1.16
56   LBDSCRSI   5.63   1.16
57   BPXSY2   3.06   1.14
58   LBXSGTSI   1.13   1.13
59   LBXSF1SI   0.38   1.13
60   LBXSASSI   2.91   1.11
61   LBXHGB   3.48   1.11
62   LBDFOTSI   1.09   1.1
63   LBDHDDSI   3.14   1.09
64   LBDSCHSI   4.56   1.08
65   LBDLYMNO   -0.67   1.07
66   LBXEOPCT   -1.26   1.06
67   URXUMA   3.66   1.05
68   URXUCR   -0.15   1.05
69   LBXSAPSI   -1.11   1.05
70   BMXWT   2.8   1.02
71   LBXSUA   0.57   1.01
72   LBDFOT   0.93   1
73   LBDSUASI   -0.03   0.99
74   BPXSY3   4.27   0.96
75   LBXSF4SI   -1.57   0.96
76   LBXSATSI   -1.19   0.95
77   LBXSCLSI   1.62   0.95
78   LBXTC   2.16   0.95
79   URXCRS   -0.04   0.94
80   LBDHDD   2.26   0.94
81   LBXSPH   1.08   0.91
82   LBDTCSI   2   0.91
83   CBD111   2.13   0.89
84   LBXVTO   -0.24   0.89
85   LBDSBUSI   7.13   0.88
86   BPXSY1   2.56   0.88
87   CBD121   0.2   0.88
88   LBXBAPCT   1.03   0.85
89   LBXSBU   6.28   0.83
90   SLD012   2.2   0.83
91   BPXPLS   -0.34   0.8
92   LBDSPHSI   1.03   0.78
93   OHX30TC   4.84   0.78
94   LBXSC3SI   0.14   0.75
95   HOD050   -0.1   0.74
96   OHX15TC   4.53   0.72
97   LBXCOT   0.69   0.71
98   LBDSGBSI   1.28   0.69
99   LBXSOSSI   0.61   0.67
100   LBXSTP   0.65   0.67
101   IND235   -0.09   0.67
102   LBXSGB   2.06   0.66
103   DBD910   1.97   0.66
104   LBXVDB   0.82   0.66
105   PAQ710   -0.14   0.65
106   LBDSTPSI   -0.01   0.63
107   HUQ051   1.76   0.63
108   LBXSTB   1.11   0.62
109   DBD895   0.9   0.62
110   SDMVSTRA   -1.84   0.62
111   LBXVBM   0.72   0.61
112   CBD091   2.19   0.6
113   INDFMIN2   0.44   0.6
114   LBXVXY   0.35   0.6
115   LBDSCASI   -0.58   0.57
116   LBDSTBSI   0.33   0.57
117   CBD131   1.24   0.57
118   DBD905   0.03   0.57
119   LBXHCT   0.74   0.56
120   LBXSCA   -1.46   0.55
121   LBXSNASI   -0.47   0.51
122   LBDSALSI   1.02   0.5
123   INDHHIN2   1.87   0.49
124   AUQ054   3.07   0.47
125   LBXSAL   -1.96   0.47
126   SLQ120   2.21   0.47
127   LBDMONO   -1.93   0.45
128   SLQ040   0.55   0.43
129   SLQ030   1.63   0.41
130   DMDHREDU   2.11   0.4
131   LBXVOX   -0.57   0.39
132   DMDMARTL   1.22   0.38
133   HIQ011   -1.09   0.36
134   PAQ715   -0.7   0.36
135   HUQ010   0.11   0.35
136   LBXVBZN   0   0.35
137   LBDEONO   -1.28   0.34
138   HSD010   1.42   0.34
139   OHQ030   -0.41   0.34
140   DMDEDUC2   1.46   0.32
141   LBXVBZ   1.07   0.32
142   DMDHHSZE   2.9   0.31
143   DPQ030   0.36   0.31
144   DBQ700   0.4   0.3
145   OHQ845   -1.01   0.3
146   SMQ866   3.05   0.3
147   IMQ011   -1.54   0.29
148   DMDHHSIZ   -1.01   0.28
149   DIQ050   4.64   0.27
150   LBXVEB   -0.96   0.27
151   DMDFMSIZ   0.52   0.26
152   DMDHRMAR   2.11   0.26
153   DLQ100   -0.48   0.26
154   RIDRETH1   -0.39   0.25
155   OHQ033   0.4   0.25
156   LBXV2A   3.72   0.25
157   LBXV4C   -0.87   0.25
158   DPQ040   1.05   0.24
159   INQ320   1   0.24
160   LBX2DF   -2.04   0.24
161   LBXVCM   -0.66   0.24
162   RIDRETH3   -0.68   0.23
163   DLQ140   -0.01   0.23
164   OCD390G   -0.56   0.23
165   DBQ197   -0.75   0.22
166   DMDHHSZA   2.09   0.22
167   OHX18TC   1.83   0.22
168   LBXVBF   0.76   0.22
169   LBXVIBN   -0.14   0.22
170   DMDHHSZB   -0.21   0.21
171   IMQ020   0.08   0.21
172   OHAREC   -0.33   0.21
173   AUQ136   0.77   0.2
174   DPQ010   0.83   0.2
175   BPQ080   0.09   0.19
176   LBXSF5SI   -0.19   0.19
177   LBXHBC   1.97   0.19
178   HSQ500   -0.81   0.19
179   OHX31TC   2.3   0.19
180   LBXVFN   -0.33   0.19
181   DPQ050   -1.45   0.18
182   HUQ020   -0.55   0.18
183   INQ020   0.3   0.18
184   INDFMMPC   0.01   0.18
185   OHX02TC   -0.85   0.18
186   DBQ229   -0.52   0.17
187   BPACSZ   0.47   0.16
188   DPQ070   -1.44   0.16
189   OHX03TC   0.41   0.16
190   PAQ620   0.73   0.16
191   SLQ050   0.98   0.16
192   LBDESTLC   3.46   0.16
193   FIALANG   2.6   0.15
194   MCQ092   -0.83   0.15
195   OHX10TC   1.69   0.15
196   OHX17TC   -0.69   0.15
197   OHX20TC   -0.05   0.15
198   OHX32TC   -0.16   0.15
199   HSQ590   -0.02   0.14
200   HUQ030   0.75   0.14
201   INQ080   0.62   0.14
202   MCQ300C   -0.68   0.14
203   HUQ090   1.02   0.13
204   INQ030   0.09   0.13
205   MCQ220   3.5   0.13
206   OHX01TC   0.27   0.13
207   OHX16TC   1.02   0.13
208   OHX19TC   0.81   0.13
209   LBDV2ALC   2.73   0.13
210   MCQ365A   0.3   0.12
211   OHX09TC   1.65   0.12
212   OHX28TC   0.14   0.12
213   PFQ090   -1.67   0.12
214   SMD460   0.44   0.12
215   LBDHCTLC   0.54   0.11
216   DPQ060   0.03   0.11
217   LBDHEG   1.54   0.11
218   INQ300   -1.96   0.11
219   KIQ026   0   0.11
220   MCQ160A   1.01   0.11
221   MCQ300A   -2.16   0.11
222   MCQ370B   -1.23   0.11
223   OCD150   0.31   0.11
224   OHQ770   -0.82   0.11
225   OHX07TC   3.11   0.11
226   LBDVBMLC   -0.33   0.11
227   CBQ550   0.15   0.1
228   DPQ020   -1.53   0.1
229   DPQ080   0.52   0.1
230   LBXSF3SI   -1.02   0.1
231   HOQ065   -0.25   0.1
232   INQ150   0.51   0.1
233   MCQ080   -0.39   0.1
234   MCQ370D   -0.18   0.1
235   OHX04TC   -0.81   0.1
236   OHX05TC   1.16   0.1
237   OHX12TC   0.39   0.1
238   OHX14TC   1.39   0.1
239   OHX21TC   2.29   0.1
240   SMQ870   -1.67   0.1
241   SMQ874   -2.09   0.1
242   SMQ878   -1.08   0.1
243   LBDBANO   -1.34   0.09
244   CBQ505   -0.03   0.09
245   DMDCITZN   1   0.09
246   LBXHA   0.63   0.09
247   MCQ160N   -0.15   0.09
248   MCQ160M   -0.04   0.09
249   MCQ300B   -0.72   0.09
250   MCQ365C   -0.91   0.09
251   MCQ370A   -0.03   0.09
252   OHX08TC   2.93   0.09
253   OHX13TC   0.15   0.09
254   OHX24TC   1.72   0.09
255   PAQ605   -2.32   0.09
256   PAQ650   0.73   0.09
257   PAQ665   1.87   0.09
258   LBDVBFLC   1.38   0.09
259   AUQ138   0.02   0.08
260   BPXPULS   -0.1   0.08
261   CBQ596   0.76   0.08
262   RIDEXMON   -0.22   0.08
263   MIALANG   0.72   0.08
264   MIAINTRP   0.57   0.08
265   DLQ020   1.02   0.08
266   LBXHBS   1.11   0.08
267   MCQ160C   0.11   0.08
268   MCQ370C   0.55   0.08
269   OHX11TC   0.97   0.08
270   LBDVBZLC   -0.69   0.08
271   LBXVC6   1.4   0.08
272   LBXVEA   -0.73   0.08
273   AUQ146   1.43   0.07
274   DMDHRBR4   1.27   0.07
275   LBDSF3LC   -0.55   0.07
276   LBDSF4LC   -2   0.07
277   HEQ010   -1   0.07
278   HUQ071   0.31   0.07
279   INQ012   0.39   0.07
280   INQ060   0.24   0.07
281   MCQ160E   1.52   0.07
282   MCQ365D   -1.37   0.07
283   OHX25TC   0.3   0.07
284   PFQ057   2.13   0.07
285   PUQ110   0.36   0.07
286   SMQ020   -0.96   0.07
287   LBDVCFLC   0.01   0.07
288   ALQ101   0.04   0.06
289   LBDCOTLC   1.46   0.06
290   DMQMILIZ   -0.48   0.06
291   DLQ010   -0.12   0.06
292   HSQ571   -1.76   0.06
293   INQ140   -1.19   0.06
294   MCQ053   1.48   0.06
295   MCQ160K   -1.74   0.06
296   OHXIMP   0.18   0.06
297   OHX06TC   0.84   0.06
298   OHX29TC   0.04   0.06
299   PFQ054   0.37   0.06
300   PUQ100   0.36   0.06
301   SMQ890   0.44   0.06
302   SMQ900   0.63   0.06
303   SMQ910   0.25   0.06
304   SMQ856   -0.04   0.06
305   SMQ860   -1.62   0.06
306   LBDV4CLC   -0.65   0.06
307   LBDVCMLC   0.31   0.06
308   DMDBORN4   -0.77   0.05
309   DMDHRGND   -1.28   0.05
310   SDMVPSU   0.03   0.05
311   LBDSF5LC   1.71   0.05
312   LBXHCR   0.45   0.05
313   INQ132   -0.93   0.05
314   MCQ010   -0.68   0.05
315   MCQ160L   -0.1   0.05
316   MCQ365B   0.51   0.05
317   OHX26TC   -0.24   0.05
318   PFQ049   0.79   0.05
319   LBXVCT   -2.45   0.05
320   BPAARM   1.83   0.04
321   BPAEN2   0.12   0.04
322   BPAEN3   -2.35   0.04
323   RIAGENDR   0.35   0.04
324   SIALANG   2.08   0.04
325   SIAINTRP   -0.34   0.04
326   FIAINTRP   -0.15   0.04
327   DLQ040   0.2   0.04
328   DLQ050   -0.96   0.04
329   DLQ080   -0.98   0.04
330   DLQ150   -0.89   0.04
331   DPQ090   -0.8   0.04
332   HSQ510   -0.82   0.04
333   INQ090   0.51   0.04
334   MCQ160D   -1.48   0.04
335   MCQ160F   1.75   0.04
336   MCQ203   -0.61   0.04
337   OHX23TC   -0.33   0.04
338   OHX27TC   -0.16   0.04
339   PAQ635   0.92   0.04
340   PFQ051   -0.06   0.04
341   LBDVDBLC   -0.35   0.04
342   LBDVXYLC   2.3   0.04
343   DLQ060   -0.1   0.03
344   DLQ110   1.28   0.03
345   LBDHEM   0.26   0.03
346   HSQ520   -1.5   0.03
347   KIQ022   1.09   0.03
348   MCQ160G   0.7   0.03
349   MCQ160O   0.76   0.03
350   OHX22TC   -0.14   0.03
351   OHAPOS   1.21   0.03
352   SMQ681   0.64   0.03
353   LBDVC6LC   -1.69   0.03
354   LBDVCTLC   1.31   0.03
355   LBDVEELC   -1   0.03
356   LBDVEALC   0.91   0.03
357   LBDVOXLC   -1.13   0.03
358   BPXPTY   1.19   0.02
359   LBDSF2LC   -1.81   0.02
360   HEQ030   -0.92   0.02
361   LBDHRPLC   -0.46   0.02
362   MCQ160B   -0.45   0.02
363   SMDANY   -0.38   0.02
364   LBXV07N   0.04   0.02
365   LBDVZBLC   -0.28   0.02
366   LBXVDEE   -1.79   0.02
367   LBDVFNLC   -0.81   0.02
368   LBDVIBLC   -0.8   0.02
369   LBDVTOLC   -0.84   0.02
370   SMQ851   -1.34   0.01
371   SMQ863   0.04   0.01
372   LBD2DFLC   1.24   0.01
373   LBDV07LC   0.01   0.01
374   LBDVEBLC   -1.06   0.01
375   LBXVIPB   -0.02   0.01
376   LBDVIPLC   -1   0.01
377   LBXVTC   0.03   0.01
378   LBDVTCLC   0.58   0.01
379   LBXVTE   -1.42   0.01
380   LBDVTELC   1.73   0.01
381   LBXVTHF   -1   0.01
382   URDUMALC   0   0
383   URDUCRLC   0   0
384   BMDSTATS   0   0
385   BPAEN1   0   0
386   SDDSRVYR   0   0
387   RIDSTATR   0   0
388   SIAPROXY   0   0
389   FIAPROXY   0   0
390   MIAPROXY   0   0
391   LBDSF1LC   0   0
392   LBDSF6LC   0   0
393   HSAQUEX   0   0
394   OHDEXSTS   0   0
395   OHDDESTS   0   0
396   OHDRCSTS   0   0
397   SMAQUEX2   0   0
398   SMAQUEX   0   0
399   LBDTSTLC   0   0
400   LBDSHGLC   0   0
401   LBX4CE   0   0
402   LBD4CELC   0   0
403   LBXV08N   0   0
404   LBDV08LC   0   0
405   LBXV1D   0   0
406   LBDV1DLC   0   0
407   LBXV3B   0   0
408   LBDV3BLC   0   0
409   LBXVCB   0   0
410   LBDVCBLC   0   0
411   LBXVDE   0   0
412   LBDVDELC   0   0
413   LBXVDX   0   0
414   LBDVDXLC   0   0
415   LBXVEC   0   0
416   LBDVECLC   0   0
417   LBXVMC   0   0
418   LBDVMCLC   0   0
419   LBXVNB   0   0
420   LBDVNBLC   0   0
421   LBXVTFT   0   0
422   LBDVFTLC   0   0
423   LBDVHTLC   1   0
424   LBXVTP   0   0
425   LBDVTPLC   0   0
426   LBXVVB   0   0
427   LBDVVBLC   0   0
 
