Eigenvalues from Factor Analysis
 
Call: fa.parallel(x = cor_fa)
Parallel analysis suggests that the number of factors =  8  and the number of components =  8 

 Eigen Values of 

 eigen values of factors
  [1] 24.46 11.83  8.78  7.55  5.99  5.63  5.46  5.02  4.45  4.35  3.65  3.57
 [13]  3.40  3.17  3.08  3.03  2.76  2.65  2.44  2.41  2.26  2.22  2.14  2.09
 [25]  2.03  1.87  1.86  1.64  1.56  1.53  1.50  1.44  1.37  1.27  1.26  1.24
 [37]  1.12  1.10  1.05  1.01  0.95  0.89  0.87  0.80  0.78  0.77  0.70  0.67
 [49]  0.63  0.59  0.53  0.52  0.48  0.45  0.41  0.39  0.34  0.32  0.29  0.25
 [61]  0.24  0.20  0.17  0.17  0.14  0.13  0.11  0.09  0.04  0.02  0.01  0.00
 [73]  0.00  0.00  0.00  0.00  0.00  0.00  0.00  0.00  0.00  0.00  0.00  0.00
 [85]  0.00  0.00  0.00  0.00  0.00  0.00 -0.02 -0.06 -0.06 -0.08 -0.10 -0.13
 [97] -0.14 -0.15 -0.16 -0.19 -0.19 -0.20 -0.22 -0.23 -0.24 -0.25 -0.26 -0.27
[109] -0.29 -0.30 -0.31 -0.31 -0.32 -0.33 -0.34 -0.35 -0.35 -0.36 -0.38 -0.38
[121] -0.39 -0.41 -0.42 -0.43 -0.45 -0.46 -0.47 -0.48 -0.49 -0.50 -0.51 -0.51
[133] -0.53 -0.54 -0.55 -0.56 -0.57 -0.58 -0.59 -0.60 -0.62 -0.62 -0.63 -0.64
[145] -0.65 -0.66 -0.67 -0.67 -0.69 -0.70 -0.70 -0.71 -0.72 -0.73 -0.74 -0.75
[157] -0.75 -0.76 -0.77 -0.78 -0.79 -0.79 -0.80 -0.81 -0.81 -0.81 -0.82 -0.83
[169] -0.84 -0.84 -0.84 -0.86 -0.86 -0.86 -0.87 -0.87 -0.87 -0.88 -0.88 -0.88
[181] -0.89 -0.89 -0.89 -0.90 -0.90 -0.90 -0.91 -0.91 -0.91 -0.92 -0.92 -0.92
[193] -0.93 -0.93 -0.93 -0.93 -0.93 -0.94 -0.94 -0.94 -0.94 -0.95 -0.95 -0.95
[205] -0.95 -0.95 -0.96 -0.96 -0.96 -0.96 -0.96 -0.96 -0.96 -0.97 -0.97 -0.97
[217] -0.97 -0.97 -0.97 -0.97 -0.97 -0.98 -0.98 -0.98 -0.98 -0.98 -0.98 -0.98
[229] -0.98 -0.98 -0.98 -0.98 -0.98 -0.98 -0.98 -0.99 -0.99 -0.99 -0.99 -0.99
[241] -0.99 -0.99 -0.99 -0.99 -0.99 -0.99 -0.99 -0.99 -0.99 -0.99 -0.99 -0.99
[253] -0.99 -0.99 -0.99 -0.99 -0.99 -1.00 -1.00 -1.00 -1.00 -1.00 -1.00 -1.00
[265] -1.00 -1.00 -1.00 -1.00 -1.00

 eigen values of simulated factors
  [1]  5.86  5.53  5.29  5.10  4.94  4.79  4.64  4.49  4.38  4.28  4.17  4.06
 [13]  3.95  3.86  3.77  3.67  3.56  3.47  3.40  3.29  3.22  3.15  3.07  2.99
 [25]  2.92  2.84  2.76  2.71  2.63  2.56  2.49  2.43  2.37  2.31  2.24  2.18
 [37]  2.11  2.06  2.00  1.95  1.88  1.84  1.78  1.72  1.66  1.62  1.57  1.52
 [49]  1.46  1.41  1.37  1.31  1.27  1.22  1.17  1.12  1.08  1.03  0.98  0.94
 [61]  0.90  0.86  0.81  0.77  0.74  0.69  0.65  0.61  0.57  0.53  0.49  0.45
 [73]  0.41  0.37  0.34  0.30  0.26  0.22  0.19  0.15  0.11  0.09  0.05  0.02
 [85] -0.01 -0.05 -0.09 -0.11 -0.15 -0.19 -0.22 -0.25 -0.29 -0.32 -0.35 -0.39
 [97] -0.42 -0.47 -0.51 -0.87 -0.89 -0.90 -0.91 -0.91 -0.92 -0.92 -0.93 -0.93
[109] -0.93 -0.93 -0.94 -0.94 -0.94 -0.94 -0.94 -0.95 -0.95 -0.95 -0.95 -0.95
[121] -0.95 -0.95 -0.95 -0.95 -0.96 -0.96 -0.96 -0.96 -0.96 -0.96 -0.96 -0.96
[133] -0.96 -0.96 -0.96 -0.97 -0.97 -0.97 -0.97 -0.97 -0.97 -0.97 -0.97 -0.97
[145] -0.97 -0.97 -0.97 -0.97 -0.97 -0.97 -0.97 -0.98 -0.98 -0.98 -0.98 -0.98
[157] -0.98 -0.98 -0.98 -0.98 -0.98 -0.98 -0.98 -0.98 -0.98 -0.98 -0.98 -0.98
[169] -0.98 -0.98 -0.98 -0.98 -0.98 -0.98 -0.98 -0.98 -0.98 -0.98 -0.99 -0.99
[181] -0.99 -0.99 -0.99 -0.99 -0.99 -0.99 -0.99 -0.99 -0.99 -0.99 -0.99 -0.99
[193] -0.99 -0.99 -0.99 -0.99 -0.99 -0.99 -0.99 -0.99 -0.99 -0.99 -0.99 -0.99
[205] -0.99 -0.99 -0.99 -0.99 -0.99 -0.99 -0.99 -0.99 -0.99 -0.99 -0.99 -0.99
[217] -0.99 -0.99 -0.99 -0.99 -0.99 -0.99 -0.99 -0.99 -0.99 -0.99 -1.00 -1.00
[229] -1.00 -1.00 -1.00 -1.00 -1.00 -1.00 -1.00 -1.00 -1.00 -1.00 -1.00 -1.00
[241] -1.00 -1.00 -1.00 -1.00 -1.00 -1.00 -1.00 -1.00 -1.00 -1.00 -1.00 -1.00
[253] -1.00 -1.00 -1.00 -1.00 -1.00 -1.00 -1.00 -1.00 -1.00 -1.00 -1.00 -1.00
[265] -1.00 -1.00 -1.00 -1.00 -1.00

 eigen values of components 
  [1] 24.98 12.79  9.69  8.49  6.93  6.59  6.43  5.96  5.39  5.29  4.60  4.51
 [13]  4.36  4.14  4.04  3.99  3.72  3.59  3.39  3.36  3.21  3.16  3.09  3.04
 [25]  2.98  2.82  2.80  2.57  2.51  2.45  2.44  2.36  2.30  2.21  2.19  2.17
 [37]  2.07  2.02  2.01  1.94  1.89  1.81  1.80  1.73  1.72  1.66  1.63  1.60
 [49]  1.57  1.54  1.47  1.42  1.40  1.36  1.33  1.30  1.26  1.24  1.20  1.16
 [61]  1.15  1.12  1.10  1.07  1.05  1.04  1.01  1.00  1.00  1.00  1.00  1.00
 [73]  1.00  1.00  1.00  1.00  1.00  1.00  1.00  1.00  1.00  1.00  1.00  1.00
 [85]  1.00  1.00  0.99  0.96  0.92  0.90  0.87  0.85  0.82  0.81  0.78  0.77
 [97]  0.76  0.72  0.72  0.68  0.66  0.64  0.63  0.62  0.61  0.60  0.59  0.58
[109]  0.56  0.53  0.52  0.51  0.49  0.47  0.45  0.44  0.42  0.41  0.40  0.37
[121]  0.36  0.35  0.34  0.33  0.32  0.30  0.30  0.28  0.27  0.26  0.25  0.25
[133]  0.24  0.23  0.22  0.22  0.21  0.20  0.19  0.18  0.17  0.16  0.16  0.15
[145]  0.14  0.14  0.13  0.13  0.12  0.11  0.11  0.09  0.09  0.09  0.08  0.07
[157]  0.07  0.06  0.06  0.05  0.05  0.05  0.04  0.03  0.03  0.03  0.00  0.00
[169]  0.00  0.00  0.00  0.00  0.00  0.00  0.00  0.00  0.00  0.00  0.00  0.00
[181]  0.00  0.00  0.00  0.00  0.00  0.00  0.00  0.00  0.00  0.00  0.00  0.00
[193]  0.00  0.00  0.00  0.00  0.00  0.00  0.00  0.00  0.00  0.00  0.00  0.00
[205]  0.00  0.00  0.00  0.00  0.00  0.00  0.00  0.00  0.00  0.00  0.00  0.00
[217]  0.00  0.00  0.00  0.00  0.00  0.00  0.00  0.00  0.00  0.00  0.00  0.00
[229]  0.00  0.00  0.00  0.00  0.00  0.00  0.00  0.00  0.00  0.00  0.00  0.00
[241]  0.00  0.00  0.00  0.00  0.00  0.00  0.00  0.00  0.00  0.00  0.00  0.00
[253]  0.00  0.00  0.00  0.00  0.00  0.00  0.00  0.00  0.00  0.00  0.00  0.00
[265]  0.00  0.00  0.00  0.00  0.00

 eigen values of simulated components
  [1] 6.79 6.51 6.27 6.08 5.93 5.77 5.62 5.47 5.36 5.26 5.14 5.04 4.93 4.84 4.75
 [16] 4.64 4.54 4.44 4.38 4.27 4.20 4.13 4.05 3.97 3.90 3.82 3.74 3.69 3.61 3.54
 [31] 3.47 3.41 3.35 3.29 3.22 3.16 3.09 3.04 2.98 2.93 2.86 2.81 2.76 2.70 2.64
 [46] 2.60 2.55 2.50 2.44 2.39 2.34 2.29 2.25 2.20 2.15 2.10 2.06 2.01 1.96 1.92
 [61] 1.88 1.84 1.79 1.75 1.71 1.67 1.63 1.59 1.55 1.51 1.46 1.43 1.38 1.35 1.32
 [76] 1.28 1.24 1.20 1.16 1.13 1.09 1.07 1.03 0.99 0.96 0.93 0.89 0.86 0.83 0.79
 [91] 0.75 0.72 0.69 0.66 0.62 0.59 0.55 0.50 0.46 0.00 0.00 0.00 0.00 0.00 0.00
[106] 0.00 0.00 0.00 0.00 0.00 0.00 0.00 0.00 0.00 0.00 0.00 0.00 0.00 0.00 0.00
[121] 0.00 0.00 0.00 0.00 0.00 0.00 0.00 0.00 0.00 0.00 0.00 0.00 0.00 0.00 0.00
[136] 0.00 0.00 0.00 0.00 0.00 0.00 0.00 0.00 0.00 0.00 0.00 0.00 0.00 0.00 0.00
[151] 0.00 0.00 0.00 0.00 0.00 0.00 0.00 0.00 0.00 0.00 0.00 0.00 0.00 0.00 0.00
[166] 0.00 0.00 0.00 0.00 0.00 0.00 0.00 0.00 0.00 0.00 0.00 0.00 0.00 0.00 0.00
[181] 0.00 0.00 0.00 0.00 0.00 0.00 0.00 0.00 0.00 0.00 0.00 0.00 0.00 0.00 0.00
[196] 0.00 0.00 0.00 0.00 0.00 0.00 0.00 0.00 0.00 0.00 0.00 0.00 0.00 0.00 0.00
[211] 0.00 0.00 0.00 0.00 0.00 0.00 0.00 0.00 0.00 0.00 0.00 0.00 0.00 0.00 0.00
[226] 0.00 0.00 0.00 0.00 0.00 0.00 0.00 0.00 0.00 0.00 0.00 0.00 0.00 0.00 0.00
[241] 0.00 0.00 0.00 0.00 0.00 0.00 0.00 0.00 0.00 0.00 0.00 0.00 0.00 0.00 0.00
[256] 0.00 0.00 0.00 0.00 0.00 0.00 0.00 0.00 0.00 0.00 0.00 0.00 0.00 0.00
  
Factor Loadings
 
         factor1
BMXWT          1
BMXBMI         1
BMXARMC        1
BMXWAIST       1
BMXSAD1        1
BMXSAD2        1
BMDAVSAD       1
BPACSZ         1
       factor2
BPXML1       1
BPXSY1       1
BPXSY2       1
BPXSY3       1
         factor3
LBXNEPCT       1
       factor4
URXUMA       1
URXUMS       1
URDACT       1
       factor5
HSQ510       1
MCQ092       1
PUQ110       1
         factor6
LBXSF3SI       1
       factor7
CBD071       1
CBD091       1
       factor8
OHARNF       1

Random Forest Variable Classification
 
Variable   MSE   Gini
1   RIDAGEYR   20.2   5.13
2   LBXRDW   8.33   2.6
3   URDACT   5.46   2.38
4   DMDHRAGE   8.28   2.22
5   LBXSF2SI   4.69   2.16
6   LBXTC   7.59   2.13
7   LBXHGB   5.86   1.96
8   LBDTCSI   6.26   1.95
9   LBXPLTSI   3.24   1.92
10   BMXSAD2   7.9   1.88
11   LBXWBCSI   3.58   1.8
12   BMXSAD1   9.18   1.64
13   BMDAVSAD   7.81   1.56
14   LBXEST   4.33   1.56
15   LBDLYMNO   2.7   1.49
16   WTMEC2YR   3.32   1.44
17   BMXLEG   1.98   1.41
18   BMXHT   4.43   1.38
19   BMXWAIST   5.63   1.38
20   LBXLYPCT   0.45   1.38
21   LBXMCHSI   1.71   1.37
22   WTINT2YR   3.04   1.37
23   LBXSF6SI   2.24   1.33
24   LBXMOPCT   2.37   1.27
25   CBD071   1.3   1.19
26   BMXBMI   6.34   1.15
27   LBXNEPCT   2.67   1.15
28   LBXTST   2.77   1.15
29   LBXSHBG   2.07   1.08
30   LBXRBCSI   0.58   1.07
31   INDFMPIR   3.81   1.07
32   BPXDI3   5.1   1.05
33   LBXMCVSI   0.53   1.03
34   CBD121   2.53   1.02
35   URXUMS   3.76   1
36   BMXARML   1.27   0.99
37   LBXHSCRP   1.06   0.99
38   URDFLOW1   0.46   0.99
39   BMXWT   6.23   0.98
40   LBXEOPCT   -0.6   0.98
41   LBDNENO   2.07   0.98
42   URXUCR   3.47   0.96
43   BPXDI1   4.28   0.95
44   LBDHDD   2.94   0.94
45   CBD111   -1.19   0.93
46   URXUMA   1.89   0.92
47   URXCRS   0.51   0.92
48   LBDHDDSI   3.78   0.92
49   INDFMMPI   -0.48   0.88
50   URDTIME1   -0.64   0.86
51   LBDRFOSI   0.98   0.85
52   BPXSY3   4.76   0.82
53   LBXMPSI   -1.07   0.82
54   LBXSF4SI   0.75   0.81
55   CBD091   2.26   0.79
56   LBXSF1SI   2.29   0.79
57   LBDRFO   0.76   0.77
58   BPXPLS   -1.3   0.76
59   URXVOL1   -0.56   0.76
60   BMXARMC   4.2   0.75
61   INQ030   9.47   0.74
62   LBXBAPCT   -2.52   0.73
63   LBDFOT   2.3   0.73
64   BPXSY1   2.77   0.72
65   BPXDI2   1.62   0.7
66   SDMVSTRA   -0.66   0.68
67   LBDFOTSI   1.11   0.68
68   PAD680   0.38   0.63
69   BPXSY2   0.85   0.59
70   DMDHHSZB   1.47   0.55
71   LBXCOT   -1.5   0.54
72   CBD131   -2.33   0.47
73   DBD905   2.02   0.47
74   HOD050   -0.35   0.46
75   IND235   0.72   0.46
76   LBDEONO   0.64   0.45
77   INDFMIN2   2.14   0.45
78   LBDMONO   0.83   0.44
79   DMDHHSIZ   1.87   0.41
80   INDHHIN2   1.85   0.41
81   DBD900   0.34   0.4
82   DBD895   -0.77   0.39
83   DMDHHSZE   4.3   0.39
84   HUQ051   0.49   0.38
85   DMDFMSIZ   1.31   0.37
86   PAQ710   0.52   0.37
87   SLQ030   0.47   0.37
88   OHX19TC   4.44   0.36
89   LBXHCT   -0.33   0.35
90   INQ320   6.29   0.35
91   HUQ010   1.77   0.34
92   DBD910   -0.03   0.33
93   DMDHREDU   0.86   0.31
94   SLQ040   2.24   0.31
95   DIQ050   6.98   0.3
96   OHQ845   0.74   0.3
97   DBQ700   0.4   0.29
98   IMQ011   1.67   0.29
99   SLQ120   0.29   0.29
100   BPXML1   1.75   0.28
101   IMQ020   2.57   0.27
102   AUQ054   1.15   0.26
103   LBXSF5SI   3.14   0.25
104   DBQ197   0.59   0.24
105   RIDRETH3   2.23   0.24
106   DMDCITZN   -0.86   0.24
107   HUQ030   0.73   0.24
108   PAQ635   2.61   0.24
109   PAQ715   -1.08   0.24
110   LBXHBC   2.33   0.23
111   OHQ030   0.76   0.23
112   OHQ033   0.65   0.22
113   RIDRETH1   -0.19   0.2
114   IND310   -1.27   0.2
115   DMDHHSZA   1.21   0.19
116   HSQ510   1.84   0.19
117   DMDHRMAR   -1.84   0.18
118   HIQ270   -3.91   0.18
119   OHX15TC   2.05   0.18
120   OHX30TC   1.53   0.18
121   HUQ041   -1.35   0.17
122   MCQ300B   2.74   0.17
123   HSQ500   0.9   0.16
124   PAQ605   1.69   0.16
125   HUQ020   -1.66   0.15
126   OCD390G   0.32   0.13
127   HOQ065   0.53   0.12
128   MCQ370C   2.96   0.11
129   OCD150   -1.24   0.11
130   PAQ650   -0.72   0.11
131   BPACSZ   1.58   0.1
132   RIDEXMON   -1.02   0.1
133   MIALANG   0.62   0.1
134   LBDSF5LC   0.84   0.1
135   INQ080   3.14   0.1
136   INQ090   1.31   0.1
137   MCQ370B   0.78   0.1
138   SMQ874   -0.93   0.1
139   BPQ020   0.66   0.09
140   BPQ080   1.58   0.09
141   LBXHA   0.61   0.09
142   INQ012   -0.16   0.09
143   PUQ100   0.98   0.09
144   SLQ050   2.67   0.09
145   BPXPULS   -1.13   0.08
146   CBQ550   -0.01   0.08
147   MIAINTRP   1.81   0.08
148   INQ020   0.4   0.08
149   INQ150   0.26   0.08
150   MCQ080   1.28   0.08
151   MCQ365D   1.45   0.08
152   OHX01TC   0.74   0.08
153   OHX14TC   2.91   0.08
154   OHX16TC   -0.56   0.08
155   OHX17TC   -0.91   0.08
156   OHX18TC   2.85   0.08
157   PAQ620   -1.09   0.08
158   PAQ665   -2.15   0.08
159   SMQ860   -0.76   0.08
160   BPAEN3   1.75   0.07
161   LBDCOTLC   -0.7   0.07
162   CBQ596   0.51   0.07
163   DMDHRGND   1.22   0.07
164   SDMVPSU   0.73   0.07
165   HIQ210   -0.78   0.07
166   HSQ520   -0.88   0.07
167   HUQ071   0.48   0.07
168   INDFMMPC   0.67   0.07
169   MCQ010   -0.1   0.07
170   MCQ092   0.85   0.07
171   MCQ365B   -0.52   0.07
172   MCQ370D   2.45   0.07
173   OHX02TC   0.14   0.07
174   OHX04TC   -0.09   0.07
175   OHX13TC   2.03   0.07
176   OHX24TC   1.73   0.07
177   PUQ110   -0.2   0.07
178   SMD460   -0.5   0.07
179   LBDBANO   -0.48   0.06
180   RIAGENDR   0.75   0.06
181   DMDHRBR4   0.95   0.06
182   DLQ080   1.65   0.06
183   LBXSF3SI   0.13   0.06
184   LBXHBS   -0.5   0.06
185   LBDHEG   2.3   0.06
186   INQ132   0.68   0.06
187   INQ140   0.15   0.06
188   MCQ370A   -0.04   0.06
189   OHQ770   -0.01   0.06
190   OHX03TC   1.06   0.06
191   OHX06TC   3.03   0.06
192   OHX20TC   0.97   0.06
193   OHX29TC   2.43   0.06
194   OHX32TC   0.84   0.06
195   SMQ878   -1.52   0.06
196   BPXPTY   -2.11   0.05
197   SIALANG   0.49   0.05
198   SIAINTRP   -1.26   0.05
199   DLQ020   -0.2   0.05
200   HUQ090   -0.26   0.05
201   MCQ203   1.43   0.05
202   OHX05TC   1.78   0.05
203   OHX12TC   1.16   0.05
204   OHX22TC   0.62   0.05
205   OHAPOS   0.22   0.05
206   BPAEN2   0.24   0.04
207   DMDBORN4   0.14   0.04
208   FIALANG   -0.17   0.04
209   DLQ010   -1.18   0.04
210   LBDHEM   -0.03   0.04
211   INQ060   -1.05   0.04
212   MCQ053   -0.91   0.04
213   MCQ365C   -0.77   0.04
214   OHX09TC   1.7   0.04
215   OHX21TC   -0.06   0.04
216   OHX25TC   0.57   0.04
217   OHX28TC   -0.75   0.04
218   OHX31TC   -1.31   0.04
219   SMQ872   -1.34   0.04
220   LBDHCTLC   -0.95   0.03
221   CBQ505   -0.61   0.03
222   FIAINTRP   -1.42   0.03
223   DLQ040   -1.37   0.03
224   DLQ050   0.29   0.03
225   DLQ060   0.75   0.03
226   LBDSF3LC   -0.1   0.03
227   LBDSF4LC   -0.81   0.03
228   HEQ010   -2.57   0.03
229   HEQ030   0.07   0.03
230   MCQ365A   0.79   0.03
231   OHX11TC   1.14   0.03
232   OHX26TC   2.12   0.03
233   OHARNF   0   0.03
234   SMAQUEX2   -0.97   0.03
235   LBDESTLC   0.51   0.03
236   LBDSF6LC   0   0.02
237   LBDHRPLC   -1.04   0.02
238   OHX07TC   1.01   0.02
239   OHX08TC   -0.09   0.02
240   OHX10TC   1.28   0.02
241   OHX23TC   0.87   0.02
242   OHX27TC   1.47   0.02
243   OHAREC   0   0.02
244   LBDSF2LC   -0.03   0.01
245   LBXHCR   -0.8   0.01
246   SMAQUEX   1.73   0.01
247   URDUMALC   0   0
248   URDUCRLC   0   0
249   BMDSTATS   0   0
250   BPAARM   0   0
251   BPAEN1   0   0
252   SDDSRVYR   0   0
253   RIDSTATR   0   0
254   SIAPROXY   0   0
255   FIAPROXY   0   0
256   MIAPROXY   0   0
257   LBDSF1LC   0   0
258   HIQ011   0   0
259   HSAQUEX   0   0
260   INQ300   0   0
261   OHDEXSTS   0   0
262   OHDDESTS   0   0
263   OHDRCSTS   0   0
264   SMQ870   0   0
265   LBDTSTLC   0   0
266   LBDSHGLC   0   0
  
Summary of Model Variables
 
BMXSAD1
   Min. 1st Qu.  Median    Mean 3rd Qu.    Max. 
  13.40   19.30   22.20   22.57   25.60   38.80 
 
BPXSYS1
Min. 1st Qu.  Median    Mean 3rd Qu.    Max. 
   84.0   110.0   120.0   121.7   130.0   196.0 
 
LBXNEPCT
   Min. 1st Qu.  Median    Mean 3rd Qu.    Max. 
  21.10   50.95   57.10   56.87   62.77   88.90 
 
URDACT
     Min.   1st Qu.    Median      Mean   3rd Qu.      Max. 
    1.080     4.643     7.345    57.537    13.508 10676.920 
 
HSQ510
   Min. 1st Qu.  Median    Mean 3rd Qu.    Max. 
  1.000   2.000   2.000   1.947   2.000   9.000 
 
LBXSF3SI
   Min. 1st Qu.  Median    Mean 3rd Qu.    Max. 
 0.1410  0.1410  0.1410  0.1498  0.1410  1.7700 
 
CBD071
   Min. 1st Qu.  Median    Mean 3rd Qu.    Max. 
      0     200     350    3553     526  999999 
 
OHARNF
 Min. 1st Qu.  Median    Mean 3rd Qu.    Max. 
  1.000   1.000   1.000   1.002   1.000   2.000 


Factor Loadings
 
BMXSAD1 - Sagittal Abdominal Diameter 1st (cm)
BPXSY1 - Systolic: Blood pres (1st rdg) mm Hg
LBXNEPCT - Segmented neutrophils percent (%)
URDACT - Albumin creatinine ratio (mg/g)
HSQ510 - SP have stomach or intestinal illness?
LBXSF3SI - 5-Formyl-tetrahydrofolate (nmol/L)
CBD071 - Money spent at supermarket/grocery store
OHARNF - No significant findings

Logistic Regression Model
 
Coefficients:
             Estimate Std. Error t value Pr(>|t|)    
(Intercept)  0.065926   0.011337   5.815 6.45e-09 ***
SAD          0.117466   0.014265   8.235 2.28e-16 ***
SYS          0.130418   0.013105   9.951  < 2e-16 ***
NEU          0.065939   0.009902   6.659 3.05e-11 ***
ACR          0.027861   0.010584   2.632   0.0085 ** 
FOL          0.064389   0.034678   1.857   0.0634 .  
GRO         -0.021661   0.009385  -2.308   0.0210 *  
ORL         -0.021046   0.009846  -2.137   0.0326 *  
 
Stepwise Backwards Selection

Coefficients:
             Estimate Std. Error t value Pr(>|t|)    
(Intercept)  0.066111   0.010456   6.323 2.79e-10 ***
SAD          0.124680   0.014583   8.550  < 2e-16 ***
SYS          0.143409   0.013244  10.828  < 2e-16 ***
NEU          0.055335   0.009994   5.537 3.24e-08 ***
ACR          0.025060   0.010520   2.382   0.0172 *  
STO         -0.029163   0.019436  -1.500   0.1336    
ORL         -0.020943   0.009946  -2.106   0.0353 *  
 
Risk Score Validation
Area under the curve: 0.7131
 
