TABLE 16A.—UPDATED PROXY HOSPITAL VALUE-BASED PURCHASING (VBP) PROGRAM ADJUSTMENT FACTORS FOR FY 2020*					
CMS Certification Number (CCN)	Proxy FY 2020 Hospital VBP Adjustment Factor				
010001	0.9927056448				
010005	0.9929422490				
010006	0.9917119072				
010007	0.9921772288				
010011	0.9950243658				
010012	0.9943855345				
010016	0.9968935389				
010019	0.9992832412				
010021	0.9964676514				
010022	1.0186138032				
010023	0.9950243658				
010024	0.9976270119				
010029	1.0007028663				
010033	1.0076826898				
010034	1.0051746854				
010035	0.9953792721				
010036	1.0090549941				
010038	1.0098831088				
010039	0.9940069678				
010040	0.9963966701				
010044	1.0182352365				
010045	1.0129353028				
010046	1.0083215211				
010049	1.0026666811				
010055	0.9956631971				
010056	1.0001586767				
010061	0.9990229766				
010062	0.9977926348				
010065	0.9978872765				
010069	1.0040389853				
010073	1.0017675852				
010078	0.9983841453				
010079	1.0010104518				
010083	1.0099540900				
010085	0.9974613890				
010086	0.9981712015				
010087	0.9919248510				
010089	0.9956868576				
010090	0.9958524805				
010091	0.9957105180				
010092	0.9891565820				
010097	1.0044175520				
010099	1.0035184561				
010100	1.0055769126				
010101	0.9980292390				
010103	0.9935810803				
010104	1.0024773977				
010108	1.0012943768				
010112	0.9970355014				
010113	0.9985261078				
010114	1.0016256226				
010118	1.0041572874				
010120	1.0095282025				
010125	1.0034711353				
010126	0.9868142006				
010128	0.9921141343				
010129	0.9994488641				
010130	1.0093389191				
010131	0.9970591618				
010139	0.9958998013				
010144	0.9994725245				
010148	1.0099067692				
010149	0.9976033515				
010150	0.9996854683				
010157	1.0001271295				
010158	1.0012628296				
010164	1.0043229104				
010168	1.0064996689				
010169	1.0072568023				
020001	1.0031872103				
020006	1.0151357217				
020008	1.0054112896				
020012	1.0156325905				
020017	1.0054822709				
020018	1.0125567361				
020024	1.0053639688				
020026	1.0032581915				
030002	0.9948350825				
030006	0.9936993824				
030007	1.0011524143				
030010	0.9988810141				
030011	0.9963020284				
030012	1.0025720394				
030013	1.0009394705				
030014	0.9944801762				
030016	1.0051510250				
030022	0.9890856008				
030023	1.0030925686				
030024	0.9926110031				
030030	1.0017439247				
030033	1.0148517967				
030036	0.9945511575				
030037	0.9968935389				
030038	0.9940542887				
030043	0.9988810141				
030055	0.9983131640				
030061	1.0091023149				
030062	1.0027140019				
030064	1.0020751706				
030065	0.9987390516				
030068	1.0037077395				
030069	1.0094335608				
030071	1.0120835277				
030073	1.0093862400				
030078	1.0220209035				
030083	0.9994961850				
030084	1.0096701650				
030085	0.9906471884				
030087	0.9939359866				
030088	0.9962783680				
030089	0.9965859535				
030092	0.9973194264				
030093	1.0081795586				
030094	0.9925873427				
030101	1.0133611903				
030103	1.0137870778				
030105	1.0056005730				
030110	0.9961837264				
030111	1.0058844980				
030114	1.0086764274				
030115	1.0087000878				
030117	1.0116813006				
030119	0.9978636161				
030121	1.0047724583				
030122	0.9955448951				
030123	1.0066889522				
030130	1.0002059975				
030134	1.0125567361				
040001	0.9978872765				
040002	1.0054586105				
040004	0.9914043218				
040007	0.9927056448				
040010	0.9984787870				
040011	1.0228411314				
040014	1.0040153249				
040015	1.0022881144				
040016	0.9925400219				
040017	0.9986444099				
040019	0.9976033515				
040020	0.9919721718				
040022	0.9916882468				
040026	0.9967515764				
040027	0.9989283349				
040029	0.9993542225				
040036	0.9889909591				
040039	0.9927293052				
040041	1.0004426017				
040047	0.9868142006				
040050	1.0057425355				
040051	1.0017202643				
040055	0.9941252699				
040062	0.9970828223				
040067	0.9947641012				
040069	1.0004426017				
040071	0.9906945092				
040072	1.0157745530				
040074	0.9904105842				
040076	1.0097174858				
040078	0.9938650053				
040084	0.9927766261				
040085	1.0173361406				
040088	0.9943382137				
040114	0.9887780153				
040118	0.9994961850				
040119	1.0024300769				
040134	1.0153959863				
040137	0.9914200954				
040153	0.9915462843				
040154	1.0082032190				
050002	0.9962310472				
050006	1.0008921497				
050007	1.0123911131				
050008	0.9939123262				
050009	1.0060264605				
050013	1.0041336270				
050014	1.0024300769				
050017	1.0016729435				
050022	0.9950953471				
050024	1.0024064165				
050025	1.0012233955				
050026	0.9950243658				
050028	1.0120835277				
050036	0.9967988972				
050038	0.9993069016				
050039	1.0001586767				
050040	1.0113579415				
050042	1.0009158101				
050043	0.9986680703				
050045	1.0080612565				
050047	1.0020751706				
050054	0.9983131640				
050055	1.0096701650				
050056	0.9882811465				
050057	0.9953556117				
050058	0.9985261078				
050060	0.9935100990				
050063	1.0003952809				
050067	1.0099067692				
050069	0.9981475411				
050070	1.0104746192				
050071	1.0113579415				
050072	1.0051115910				
050073	1.0083925024				
050075	1.0038970228				
050076	1.0066258578				
050077	0.9972957660				
050078	0.9995198454				
050082	1.0027140019				
050084	1.0005135830				
050089	0.9987390516				
050090	1.0003006392				
050091	0.9943224401				
050093	0.9950716867				
050099	0.9974140681				
050100	0.9968462181				
050101	0.9938413449				
050102	0.9956158763				
050103	1.0045831750				
050104	0.9960890847				
050107	1.0023590956				
050108	0.9963730097				
050110	0.9975796911				
050112	1.0001113558				
050113	1.0025247186				
050115	0.9977453140				
050116	0.9962310472				
050118	1.0027849832				
050121	1.0002769788				
050122	0.9936520616				
050124	1.0010814330				
050125	1.0010104518				
050126	1.0003006392				
050127	1.0038497020				
050128	0.9977926348				
050129	0.9960890847				
050131	1.0105692609				
050133	0.9973430869				
050135	1.0010814330				
050136	0.9978872765				
050137	1.0101591470				
050138	1.0043544576				
050139	1.0011997351				
050140	1.0017044907				
050145	1.0023117748				
050149	1.0040389853				
050150	1.0105219401				
050152	1.0049854021				
050153	0.9940779491				
050158	1.0102853359				
050167	0.9954581402				
050168	1.0020278498				
050169	1.0107112234				
050174	1.0034474749				
050179	0.9950953471				
050180	1.0018149060				
050191	0.9958051597				
050192	0.9957105180				
050194	0.9969645202				
050195	1.0007975080				
050197	1.0117286214				
050204	0.9944801762				
050211	1.0029979269				
050222	1.0053403084				
050224	0.9998274308				
050225	1.0108768463				
050226	1.0002059975				
050228	1.0004426017				
050230	1.0005845642				
050231	0.9928476073				
050232	1.0023590956				
050234	1.0071621606				
050235	0.9982185224				
050236	0.9979819182				
050238	1.0027376623				
050239	1.0022407935				
050242	0.9962783680				
050243	0.9933917970				
050245	0.9994488641				
050248	0.9930605511				
050254	1.0091732962				
050257	0.9974140681				
050261	1.0005372434				
050262	1.0016729435				
050272	1.0071148398				
050276	1.0049380813				
050278	0.9976506723				
050279	1.0010104518				
050280	0.9919248510				
050281	1.0027849832				
050283	1.0012233955				
050289	1.0034238145				
050290	1.0084161628				
050291	1.0049617417				
050292	0.9944328554				
050295	0.9962310472				
050296	1.0106639026				
050298	0.9916409260				
050300	0.9958288201				
050301	1.0153959863				
050305	0.9965149722				
050308	0.9988810141				
050309	0.9988100328				
050313	0.9950007054				
050315	0.9943855345				
050320	0.9988336932				
050324	0.9980765598				
050327	0.9954739138				
050329	0.9988336932				
050334	0.9992832412				
050335	1.0032108707				
050336	0.9957341784				
050342	0.9996618079				
050348	0.9934154574				
050350	0.9963256889				
050351	1.0020751706				
050352	1.0164370447				
050353	1.0063577064				
050357	1.0133138695				
050360	0.9998747517				
050367	1.0011524143				
050373	0.9978872765				
050376	0.9940069678				
050378	0.9957578388				
050380	0.9903632634				
050382	0.9939833074				
050390	0.9950716867				
050393	1.0023590956				
050394	0.9952136492				
050396	1.0024537373				
050407	1.0241030204				
050411	1.0157745530				
050414	1.0088893712				
050417	1.0115156776				
050424	1.0062630647				
050425	1.0053639688				
050426	0.9973194264				
050438	1.0033764936				
050441	0.9973194264				
050444	1.0062867251				
050454	1.0053166480				
050455	0.9952846304				
050457	1.0064760085				
050464	0.9928949282				
050468	0.9961364055				
050471	1.0029032852				
050481	0.9979582578				
050485	0.9985261078				
050488	0.9949533846				
050492	0.9924927010				
050496	1.0039916645				
050498	1.0006555455				
050502	0.9991649391				
050503	1.0046068354				
050506	0.9983131640				
050510	1.0141656445				
050512	1.0030925686				
050515	1.0177935754				
050516	1.0055769126				
050517	0.9959471222				
050523	0.9970355014				
050526	0.9969724070				
050528	0.9996854683				
050534	0.9929895698				
050537	1.0080139357				
050541	1.0129353028				
050549	0.9960417638				
050551	0.9955212346				
050557	0.9994961850				
050561	1.0038497020				
050567	1.0027613227				
050568	1.0000167142				
050570	0.9933208157				
050573	0.9982421828				
050580	1.0096228441				
050581	0.9954739138				
050588	1.0013653580				
050589	0.9926346636				
050590	1.0045831750				
050597	0.9954739138				
050599	1.0044648729				
050603	0.9969881806				
050604	1.0058844980				
050608	1.0029506061				
050609	1.0147019473				
050616	1.0051273646				
050624	1.0044175520				
050625	1.0032345311				
050633	0.9953082909				
050636	1.0044175520				
050641	1.0014599997				
050663	0.9961837264				
050674	1.0063103855				
050677	1.0141340973				
050678	1.0043229104				
050684	0.9935810803				
050686	1.0081401246				
050688	1.0001113558				
050689	0.9938413449				
050690	1.0109793748				
050696	0.9987390516				
050701	1.0050800438				
050704	0.9966569347				
050709	1.0153486655				
050710	1.0120519805				
050717	1.0029032852				
050723	1.0116734138				
050724	0.9961600659				
050727	0.9972721056				
050735	0.9964203305				
050736	1.0022881144				
050737	1.0010577726				
050738	0.9988100328				
050739	1.0073041231				
050740	1.0020041893				
050742	0.9988810141				
050744	0.9919248510				
050745	1.0044175520				
050746	0.9963256889				
050747	0.9861832561				
050748	1.0019568685				
050755	1.0025483790				
050757	1.0019332081				
050760	0.9981712015				
050761	0.9995908266				
050763	1.0001902239				
050764	1.0005845642				
050765	1.0153013446				
050767	1.0025878130				
050770	0.9973667473				
050771	0.9985024474				
050772	1.0130614917				
050773	0.9952136492				
050775	1.0061920834				
050776	0.9932498344				
050777	1.0136293417				
050779	0.9995908266				
060001	1.0040389853				
060003	0.9980292390				
060004	1.0071858210				
060006	1.0026193602				
060008	1.0033764936				
060009	1.0051273646				
060010	1.0050090625				
060011	1.0019568685				
060012	0.9979345973				
060013	1.0044175520				
060014	0.9978636161				
060015	0.9926346636				
060016	1.0045595146				
060020	0.9967988972				
060022	0.9975560306				
060023	0.9988100328				
060024	1.0045121937				
060027	0.9971774639				
060028	1.0041809479				
060030	1.0025010581				
060031	0.9996618079				
060032	1.0080612565				
060034	0.9954739138				
060044	1.0064523480				
060049	1.0157272322				
060054	1.0018622268				
060064	1.0032108707				
060065	0.9996854683				
060071	1.0097174858				
060075	1.0047961187				
060076	1.0068309147				
060096	1.0155852696				
060100	0.9981238807				
060103	1.0058135167				
060104	1.0007975080				
060112	1.0015309810				
060113	0.9974377285				
060114	1.0000167142				
060116	1.0029269457				
060118	1.0294029541				
060119	0.9996618079				
060125	1.0078956336				
070002	1.0043465708				
070003	1.0012707164				
070004	1.0188267470				
070005	0.9912386989				
070006	0.9957105180				
070007	1.0011050934				
070008	1.0037550603				
070010	0.9979819182				
070011	0.9975323702				
070012	1.0029032852				
070016	1.0029269457				
070017	0.9966096139				
070018	1.0052220063				
070019	1.0034947957				
070020	0.9998747517				
070021	1.0061211022				
070022	1.0004662621				
070024	0.9994252037				
070025	0.9937467032				
070027	1.0018385664				
070028	0.9948587429				
070029	1.0054822709				
070031	1.0054112896				
070033	0.9994961850				
070034	1.0014126789				
070035	0.9970828223				
070036	0.9975087098				
080001	0.9965149722				
080003	1.0016492831				
080004	1.0033055124				
080006	1.0069018960				
080007	1.0025010581				
080009	1.0037313999				
090001	0.9942199116				
090003	0.9968935389				
090004	0.9954975742				
090005	1.0012707164				
090006	0.9960417638				
090008	0.9996854683				
090011	0.9975560306				
100001	1.0022644539				
100002	0.9969408598				
100006	0.9962547076				
100007	1.0074460856				
100008	0.9938650053				
100012	0.9952373096				
100014	0.9937703637				
100017	0.9929422490				
100018	0.9947641012				
100019	0.9988100328				
100022	0.9958524805				
100023	0.9976506723				
100025	0.9960890847				
100026	0.9954029325				
100028	0.9938650053				
100030	0.9925636823				
100032	0.9935100990				
100034	0.9964203305				
100035	0.9959944430				
100038	1.0004189413				
100039	0.9986207495				
100040	1.0004662621				
100043	1.0099540900				
100044	0.9972484452				
100045	1.0098121275				
100046	1.0028086436				
100047	0.9913570010				
100049	0.9952136492				
100050	0.9920194927				
100051	0.9996618079				
100052	0.9948114221				
100053	0.9961837264				
100054	1.0056242334				
100055	1.0112080922				
100057	1.0050090625				
100062	0.9968225577				
100063	0.9983131640				
100067	0.9967515764				
100068	1.0041572874				
100069	1.0094808816				
100070	0.9971064827				
100071	0.9925400219				
100072	1.0025720394				
100073	0.9955212346				
100075	0.9986444099				
100077	1.0025483790				
100080	0.9963020284				
100084	0.9910494155				
100086	0.9988100328				
100087	1.0021698123				
100088	1.0042519291				
100090	1.0025720394				
100092	0.9962073868				
100093	1.0023354352				
100099	0.9924927010				
100102	0.9986444099				
100105	0.9996618079				
100106	1.0012628296				
100107	0.9992122599				
100109	1.0008921497				
100110	1.0012707164				
100113	1.0010577726				
100117	1.0015309810				
100118	0.9935574199				
100121	0.9968225577				
100122	0.9961127451				
100124	0.9968935389				
100125	1.0022407935				
100126	0.9947641012				
100127	0.9984551265				
100128	1.0037787207				
100130	0.9947167804				
100131	0.9905052259				
100132	0.9965859535				
100135	0.9927056448				
100137	1.0014126789				
100140	1.0100960525				
100142	1.0003716205				
100150	0.9973194264				
100151	1.0079666148				
100154	1.0037550603				
100156	1.0068782356				
100157	0.9890382799				
100161	0.9966332743				
100166	0.9967515764				
100167	0.9984787870				
100168	0.9937703637				
100173	1.0000167142				
100175	1.0046541562				
100176	1.0062630647				
100177	0.9956158763				
100179	0.9927766261				
100180	0.9966096139				
100181	0.9977453140				
100183	0.9970355014				
100187	0.9980055786				
100189	0.9989756558				
100191	0.9952609700				
100200	0.9968225577				
100204	0.9977453140				
100206	1.0076590294				
100209	0.9959471222				
100211	1.0103326567				
100212	0.9876659756				
100213	0.9935574199				
100217	0.9940542887				
100220	1.0007028663				
100223	0.9925636823				
100224	0.9974613890				
100226	0.9965859535				
100228	0.9995908266				
100230	1.0030925686				
100231	0.9943145533				
100232	1.0035657770				
100236	0.9936284011				
100238	0.9983841453				
100242	0.9946931200				
100243	1.0029742665				
100244	0.9944565158				
100246	0.9939123262				
100248	0.9904342446				
100249	0.9984551265				
100252	1.0006555455				
100253	1.0065233293				
100254	0.9975087098				
100255	0.9972721056				
100256	0.9973194264				
100258	0.9984551265				
100259	0.9957578388				
100260	0.9952373096				
100264	0.9957341784				
100265	1.0009158101				
100266	1.0089603524				
100267	1.0001586767				
100268	0.9972957660				
100269	0.9955212346				
100275	0.9933917970				
100276	0.9999693933				
100281	1.0069492168				
100284	0.9990702974				
100285	1.0107112234				
100286	1.0047014771				
100287	0.9972247848				
100288	0.9921141343				
100289	0.9951899888				
100290	0.9887306945				
100291	0.9949770450				
100292	1.0047724583				
100296	1.0015783018				
100299	1.0031398894				
100302	0.9935810803				
100307	0.9997327892				
100313	1.0112317526				
100314	1.0069255564				
100315	1.0062394043				
100316	1.0028323040				
100319	1.0120835277				
100320	0.9896534508				
100321	1.0135977945				
100329	0.9957105180				
110001	1.0004426017				
110002	0.9996854683				
110003	0.9993069016				
110005	0.9993778829				
110006	0.9979582578				
110007	0.9947167804				
110008	1.0066179710				
110010	1.0041336270				
110011	1.0027849832				
110015	1.0044648729				
110016	0.9976506723				
110018	1.0000876954				
110023	1.0168392718				
110024	1.0007028663				
110025	0.9906708488				
110027	1.0021461519				
110028	0.9941016095				
110029	1.0070201981				
110030	1.0104982796				
110031	0.9913096801				
110032	1.0076353690				
110034	0.9965859535				
110035	1.0016256226				
110036	0.9898427342				
110038	0.9918775302				
110040	1.0002533184				
110041	0.9980292390				
110042	1.0071148398				
110043	0.9957578388				
110044	1.0073987648				
110045	1.0121781694				
110046	0.9927056448				
110051	1.0048434396				
110054	0.9967515764				
110064	0.9941016095				
110069	0.9980528994				
110073	0.9912150384				
110074	1.0050327229				
110075	0.9982421828				
110076	0.9895351487				
110078	1.0003006392				
110079	0.9959471222				
110082	1.0081085774				
110083	1.0092206170				
110086	1.0172888198				
110087	0.9983131640				
110089	1.0004189413				
110091	0.9970828223				
110092	1.0011524143				
110095	1.0014836601				
110104	0.9973194264				
110105	1.0066889522				
110107	0.9932971553				
110109	1.0064996689				
110115	0.9940542887				
110121	0.9933444761				
110122	0.9999220725				
110124	1.0072568023				
110125	1.0054112896				
110128	1.0010104518				
110129	0.9942672324				
110135	0.9961837264				
110142	1.0180459532				
110143	0.9904342446				
110146	1.0053166480				
110150	1.0096701650				
110153	1.0120835277				
110161	1.0055295917				
110164	0.9975087098				
110165	0.9985261078				
110168	1.0010104518				
110177	0.9953319513				
110184	1.0073514440				
110189	1.0058371772				
110191	0.9936993824				
110192	0.9973904077				
110194	1.0103799775				
110198	1.0015073205				
110200	1.0080139357				
110201	1.0015783018				
110215	1.0030215873				
110225	1.0160584780				
110226	0.9922087760				
110229	1.0043465708				
110230	1.0049380813				
110233	1.0068782356				
120001	1.0048197792				
120002	1.0036130978				
120004	1.0138186251				
120005	1.0077536711				
120006	1.0136451153				
120007	0.9976033515				
120011	1.0065943106				
120014	1.0106639026				
120019	0.9947641012				
120022	1.0025720394				
120026	1.0151120613				
120028	0.9952373096				
130002	1.0091969566				
130003	0.9932025136				
130006	1.0047961187				
130007	1.0000876954				
130013	1.0083215211				
130014	1.0096228441				
130018	0.9915936051				
130025	1.0012470559				
130028	0.9967042556				
130049	1.0011997351				
130065	1.0078246523				
140001	0.9967042556				
140002	1.0065233293				
140007	0.9917119072				
140008	1.0030689082				
140010	1.0027140019				
140011	0.9928476073				
140012	1.0038497020				
140013	1.0025010581				
140015	1.0042755895				
140018	0.9968462181				
140029	1.0026903415				
140030	1.0077300107				
140032	0.9985970891				
140034	1.0125567361				
140040	0.9984078057				
140043	1.0065469897				
140046	0.9947877617				
140048	1.0072804627				
140049	1.0011760747				
140052	1.0041336270				
140053	1.0018149060				
140054	0.9945274970				
140058	1.0075407273				
140059	1.0009158101				
140062	1.0027849832				
140063	1.0074697460				
140064	1.0049144208				
140065	1.0095755233				
140067	0.9928002865				
140068	0.9917828885				
140077	1.0216423368				
140080	0.9976743327				
140082	0.9951899888				
140083	0.9960890847				
140084	0.9994015433				
140088	0.9923507385				
140089	1.0060264605				
140091	1.0011997351				
140093	1.0020041893				
140095	1.0018622268				
140100	1.0026509075				
140101	1.0074460856				
140103	0.9976033515				
140110	0.9989283349				
140113	1.0054822709				
140114	0.9984787870				
140115	0.9909784343				
140116	1.0000167142				
140117	0.9981475411				
140118	0.9994488641				
140119	0.9998984121				
140120	1.0038497020				
140122	1.0075170669				
140124	1.0079192940				
140125	1.0034238145				
140127	1.0063813668				
140130	1.0046304958				
140133	1.0019095477				
140135	0.9998510912				
140137	1.0144968904				
140143	1.0007265267				
140145	1.0133611903				
140147	0.9922087760				
140148	0.9951426679				
140150	0.9974140681				
140155	1.0087237482				
140158	0.9939359866				
140160	1.0025720394				
140161	1.0064523480				
140162	1.0045358541				
140164	0.9991885995				
140166	1.0055532521				
140172	0.9939123262				
140174	0.9946931200				
140177	0.9972484452				
140179	1.0020041893				
140180	1.0071858210				
140181	0.9898900550				
140182	1.0035421166				
140184	0.9990939578				
140185	1.0069965377				
140186	1.0048907604				
140187	1.0051510250				
140189	1.0138580591				
140191	1.0010341122				
140200	1.0035184561				
140202	0.9998984121				
140206	0.9990229766				
140208	1.0034711353				
140209	1.0022881144				
140210	0.9957105180				
140211	1.0094572212				
140213	1.0035184561				
140217	0.9987390516				
140223	0.9971301431				
140224	1.0024537373				
140228	0.9965859535				
140231	1.0029979269				
140233	0.9896771112				
140234	1.0069018960				
140239	0.9963730097				
140240	0.9998274308				
140242	1.0055295917				
140250	0.9999930538				
140251	0.9976033515				
140252	0.9983841453				
140258	1.0006318851				
140275	1.0053166480				
140276	0.9978872765				
140280	0.9930605511				
140281	1.0053166480				
140286	0.9949770450				
140288	1.0029979269				
140289	1.0023827560				
140290	1.0016966039				
140291	1.0015546414				
140292	0.9963256889				
140294	1.0042282687				
140304	0.9999457329				
140307	1.0140946633				
150001	1.0090313337				
150002	1.0003952809				
150004	0.9965622931				
150005	1.0097411462				
150006	0.9964439910				
150007	1.0015073205				
150008	1.0069728773				
150009	0.9924690406				
150010	1.0026430206				
150011	1.0059081584				
150012	0.9954502534				
150015	0.9951899888				
150017	0.9944328554				
150018	1.0019332081				
150021	0.9980055786				
150022	1.0055532521				
150023	0.9963256889				
150024	1.0019095477				
150026	1.0029269457				
150030	1.0020041893				
150034	1.0015783018				
150035	0.9984078057				
150037	1.0027376623				
150042	1.0005845642				
150044	0.9998037704				
150045	1.0020041893				
150046	0.9976033515				
150047	1.0003479600				
150048	1.0020041893				
150051	0.9974613890				
150056	0.9975796911				
150057	1.0149227779				
150058	0.9992359204				
150059	0.9996618079				
150061	0.9941252699				
150064	0.9968462181				
150065	1.0074934065				
150069	1.0029979269				
150072	1.0041336270				
150074	0.9957105180				
150075	1.0043702312				
150076	1.0068309147				
150082	0.9933444761				
150084	0.9959707826				
150086	1.0025010581				
150088	1.0000403746				
150089	1.0003952809				
150090	0.9959471222				
150091	1.0067835939				
150097	1.0045595146				
150100	0.9997091287				
150101	1.0162004405				
150104	1.0091023149				
150109	1.0017675852				
150112	1.0004899225				
150113	1.0004426017				
150115	1.0114446964				
150125	1.0003479600				
150126	0.9987863724				
150128	0.9976506723				
150133	1.0034238145				
150146	1.0073514440				
150149	1.0071621606				
150150	1.0020988310				
150153	1.0064996689				
150157	1.0097648067				
150158	1.0077536711				
150161	1.0089603524				
150162	0.9938650053				
150165	0.9914043218				
150166	1.0040389853				
150169	0.9910730759				
150173	1.0002533184				
150175	1.0091496358				
150176	0.9888963174				
150181	0.9943855345				
150183	0.9993699961				
160001	0.9990229766				
160005	1.0082978607				
160008	0.9970985959				
160013	1.0081085774				
160016	1.0007265267				
160024	1.0072094814				
160028	1.0131482465				
160029	1.0181879157				
160030	1.0048434396				
160032	1.0074934065				
160033	0.9957341784				
160040	0.9954581402				
160045	1.0100250713				
160047	1.0071385002				
160057	1.0041809479				
160058	0.9962783680				
160064	0.9986207495				
160069	1.0084634836				
160079	1.0107822047				
160080	1.0034947957				
160082	1.0011287539				
160083	0.9999220725				
160089	1.0003716205				
160104	1.0044885333				
160110	1.0032345311				
160112	1.0072094814				
160117	1.0045595146				
160122	1.0024773977				
160124	1.0148281362				
160146	0.9945511575				
160147	1.0206012784				
160153	0.9939123262				
170006	1.0015783018				
170009	1.0284565374				
170012	0.9964913118				
170013	1.0068072543				
170014	1.0103799775				
170016	0.9998510912				
170017	1.0039916645				
170020	0.9993069016				
170023	1.0023590956				
170040	1.0059081584				
170049	1.0010814330				
170058	1.0003006392				
170068	0.9975087098				
170074	0.9915462843				
170086	0.9926583240				
170103	1.0007265267				
170104	1.0021934727				
170105	1.0047014771				
170109	1.0171626309				
170120	1.0087237482				
170122	0.9929422490				
170123	0.9959234617				
170133	1.0046068354				
170137	1.0073277835				
170142	1.0007265267				
170145	1.0153486655				
170146	1.0076590294				
170150	1.0029032852				
170175	1.0004899225				
170176	0.9965622931				
170182	0.9961127451				
170185	1.0057661959				
170186	1.0000167142				
170191	1.0025720394				
170197	1.0070438585				
170200	1.0094335608				
180001	0.9943855345				
180002	1.0117522818				
180004	1.0058687244				
180005	0.9995908266				
180009	1.0005372434				
180010	0.9949060637				
180011	1.0051273646				
180012	0.9999930538				
180013	0.9970828223				
180016	1.0005687906				
180017	0.9935574199				
180018	1.0093389191				
180019	1.0095755233				
180020	1.0083451815				
180024	0.9983604849				
180025	1.0049144208				
180027	0.9998037704				
180035	1.0014836601				
180036	1.0067599335				
180038	0.9967279160				
180040	0.9960417638				
180043	1.0092442774				
180044	1.0012707164				
180045	1.0008684892				
180048	0.9948114221				
180049	0.9933208157				
180050	1.0127933402				
180051	0.9944091950				
180053	0.9979819182				
180056	0.9902213009				
180064	1.0028559644				
180066	1.0068782356				
180067	0.9967988972				
180069	1.0035184561				
180070	1.0073987648				
180078	1.0084398232				
180079	1.0068782356				
180080	0.9940779491				
180087	1.0064050272				
180088	0.9955685555				
180092	1.0088183899				
180093	1.0023354352				
180101	0.9924927010				
180102	0.9976979931				
180103	0.9991885995				
180104	0.9979109369				
180105	0.9940069678				
180106	0.9879499007				
180115	1.0021461519				
180116	1.0037077395				
180124	0.9998037704				
180127	0.9984551265				
180128	1.0120835277				
180130	0.9948114221				
180132	0.9955448951				
180138	1.0121308485				
180139	0.9977926348				
180141	0.9903159425				
180143	1.0035894374				
190002	0.9993305620				
190004	1.0050327229				
190005	0.9907891509				
190006	1.0054586105				
190007	1.0107348838				
190008	0.9993542225				
190011	1.0002296579				
190013	1.0065469897				
190014	0.9951899888				
190015	1.0004899225				
190017	0.9984314661				
190019	0.9946694596				
190020	0.9954029325				
190026	0.9995908266				
190034	0.9978399557				
190036	1.0000403746				
190039	1.0013890185				
190040	1.0040863062				
190041	0.9999693933				
190044	1.0012707164				
190045	1.0055059313				
190046	1.0015073205				
190050	1.0075880481				
190053	1.0072568023				
190054	1.0066889522				
190060	1.0007028663				
190064	0.9929185886				
190065	0.9985024474				
190079	1.0032818519				
190081	1.0015783018				
190086	0.9938886657				
190088	1.0089603524				
190098	0.9955212346				
190099	0.9887070341				
190102	1.0034947957				
190111	0.9989519953				
190114	0.9847320837				
190116	0.9976033515				
190125	1.0039443437				
190128	1.0119888860				
190144	1.0068072543				
190146	1.0038733624				
190151	1.0017675852				
190160	1.0055769126				
190164	1.0071148398				
190167	1.0110188088				
190176	0.9995671662				
190183	1.0150174196				
190184	1.0282672540				
190190	1.0155852696				
190201	1.0031872103				
190202	0.9986680703				
190204	1.0032818519				
190205	1.0066889522				
190242	0.9998116572				
190263	0.9988021460				
190274	1.0032818519				
190297	1.0201280700				
190308	0.9888963174				
190312	1.0045121937				
200001	0.9981002203				
200008	1.0157035717				
200009	0.9963493493				
200018	1.0071858210				
200019	1.0032581915				
200020	1.0053403084				
200021	1.0026430206				
200024	0.9990229766				
200031	1.0045358541				
200033	0.9950007054				
200034	0.9968225577				
200037	1.0090313337				
200039	1.0038260416				
200041	1.0138580591				
200050	1.0067599335				
200052	1.0255541927				
200063	1.0017202643				
220001	0.9977453140				
220002	1.0036604186				
220008	0.9999457329				
220010	0.9988100328				
220011	1.0070201981				
220012	0.9972011244				
220015	0.9963256889				
220016	1.0078483127				
220017	0.9962310472				
220019	0.9939123262				
220020	1.0076117086				
220024	0.9971064827				
220029	0.9976743327				
220030	1.0000009406				
220031	1.0007265267				
220033	0.9999220725				
220035	1.0052929875				
220036	0.9986680703				
220046	0.9994015433				
220049	0.9968935389				
220052	1.0056005730				
220060	1.0015783018				
220063	0.9968462181				
220065	1.0081085774				
220066	1.0012470559				
220070	0.9978872765				
220071	1.0044412125				
220073	0.9927056448				
220074	0.9969171993				
220077	0.9975560306				
220080	0.9987390516				
220083	1.0020751706				
220084	1.0084634836				
220086	0.9985497682				
220090	1.0006555455				
220095	1.0045595146				
220098	0.9982342960				
220100	0.9994015433				
220101	1.0141183237				
220105	1.0105692609				
220108	1.0061920834				
220110	1.0018385664				
220111	0.9988336932				
220116	1.0010341122				
220119	1.0037787207				
220126	0.9965622931				
220135	1.0047014771				
220163	1.0023354352				
220171	0.9998747517				
220175	1.0036367582				
220176	0.9930842115				
230002	0.9974140681				
230003	1.0151593821				
230005	1.0071621606				
230015	1.0115472249				
230017	0.9984314661				
230019	1.0086054461				
230020	1.0041336270				
230021	1.0034711353				
230022	1.0037313999				
230024	1.0015783018				
230029	1.0026430206				
230030	0.9942672324				
230031	1.0153486655				
230035	1.0177620282				
230036	0.9955448951				
230037	1.0140710029				
230038	0.9975087098				
230040	1.0096701650				
230041	0.9985734286				
230046	1.0013416976				
230047	0.9977926348				
230053	1.0006082246				
230054	0.9977926348				
230055	1.0050090625				
230058	1.0078956336				
230059	1.0032345311				
230066	1.0011050934				
230069	1.0069413300				
230070	0.9985497682				
230072	1.0154906280				
230075	0.9996854683				
230077	1.0004426017				
230080	1.0024300769				
230081	1.0206959201				
230085	1.0150805140				
230089	1.0105692609				
230092	1.0020278498				
230093	1.0170522156				
230095	1.0018622268				
230096	0.9957736124				
230097	1.0105929213				
230099	0.9992595808				
230100	1.0017675852				
230104	0.9973194264				
230105	1.0093625795				
230108	1.0132192278				
230110	1.0048434396				
230117	1.0003952809				
230118	1.0096701650				
230121	1.0095991837				
230130	1.0010577726				
230132	0.9968935389				
230133	1.0139763612				
230141	0.9971064827				
230142	0.9982895036				
230146	0.9945984783				
230151	1.0018385664				
230156	1.0021934727				
230165	0.9930605511				
230167	1.0000640350				
230174	1.0128406611				
230176	1.0043702312				
230180	1.0173519142				
230193	0.9981712015				
230195	0.9989519953				
230197	0.9980528994				
230207	1.0056952146				
230208	1.0067520467				
230216	1.0016729435				
230217	1.0086764274				
230222	1.0086054461				
230227	1.0017439247				
230230	0.9974377285				
230236	1.0032818519				
230239	1.0149937592				
230241	0.9937703637				
230244	1.0010814330				
230254	0.9962783680				
230259	1.0134558320				
230269	1.0029032852				
230270	0.9982421828				
230273	0.9937703637				
230277	1.0009394705				
230297	0.9894641675				
230302	1.0069728773				
230303	1.0112317526				
240001	1.0030215873				
240002	1.0003716205				
240004	0.9998747517				
240006	1.0235824911				
240010	1.0107112234				
240014	1.0083925024				
240018	1.0202700325				
240019	1.0039127964				
240020	1.0126513777				
240022	1.0130772653				
240030	1.0086764274				
240036	1.0080612565				
240038	1.0047724583				
240040	1.0068309147				
240043	1.0099067692				
240044	1.0105692609				
240047	1.0000876954				
240050	1.0138817195				
240052	1.0101906942				
240053	1.0065706501				
240056	1.0096701650				
240057	1.0039916645				
240059	1.0208852034				
240063	1.0034947957				
240064	1.0079666148				
240066	1.0206485992				
240069	1.0167209697				
240071	1.0148281362				
240075	1.0195365596				
240076	1.0195602200				
240078	0.9998747517				
240080	0.9968462181				
240084	1.0037077395				
240088	1.0033291728				
240093	1.0008921497				
240100	1.0085344649				
240101	1.0129353028				
240104	1.0122018298				
240106	0.9992595808				
240115	1.0081085774				
240141	1.0086291066				
240166	1.0109005068				
240187	1.0047014771				
240207	1.0053403084				
240210	1.0060264605				
240213	1.0170995364				
240214	1.0200334283				
250001	0.9915462843				
250002	1.0100960525				
250004	0.9978636161				
250006	1.0075407273				
250007	0.9981712015				
250009	1.0028796248				
250019	1.0002296579				
250020	0.9974140681				
250025	0.9972484452				
250031	0.9930842115				
250034	0.9886123924				
250036	1.0116576401				
250038	0.9939123262				
250040	0.9996854683				
250042	1.0015783018				
250043	1.0097174858				
250048	1.0006555455				
250049	1.0064996689				
250050	0.9943855345				
250057	1.0060501209				
250058	1.0102380150				
250069	0.9919958323				
250072	0.9916645864				
250077	0.9983131640				
250078	0.9929895698				
250082	1.0005609038				
250084	1.0030452478				
250085	1.0030925686				
250093	1.0098121275				
250094	1.0030452478				
250095	0.9979819182				
250096	0.9902213009				
250097	1.0033528332				
250099	0.9928476073				
250100	0.9970355014				
250102	1.0022407935				
250104	0.9987153911				
250117	0.9958998013				
250123	1.0049144208				
250124	1.0013890185				
250126	1.0044175520				
250128	1.0099540900				
250138	0.9970591618				
250141	0.9939596470				
250162	1.0052693271				
250167	1.0012470559				
250168	0.9952373096				
260001	0.9918302093				
260005	0.9916882468				
260006	1.0044648729				
260009	1.0078246523				
260011	1.0039916645				
260017	0.9926819844				
260020	1.0064760085				
260022	1.0037787207				
260023	0.9930132303				
260024	1.0130772653				
260025	0.9970591618				
260027	0.9959234617				
260032	1.0025720394				
260034	1.0094020136				
260040	0.9953319513				
260047	1.0095755233				
260048	0.9953792721				
260050	1.0157272322				
260052	1.0038497020				
260057	1.0042046083				
260059	1.0078246523				
260061	1.0110424693				
260062	1.0055532521				
260064	1.0130772653				
260065	0.9952846304				
260068	1.0008211684				
260074	1.0160584780				
260077	1.0007975080				
260078	1.0069728773				
260081	1.0137160966				
260085	1.0025010581				
260091	0.9979819182				
260094	0.9994961850				
260095	0.9933208157				
260096	0.9991649391				
260097	0.9999220725				
260102	1.0186138032				
260105	0.9914043218				
260108	1.0001113558				
260110	0.9989993162				
260113	1.0143785883				
260119	0.9971064827				
260137	0.9963730097				
260138	1.0054349500				
260141	0.9974850494				
260142	1.0158691947				
260160	0.9904105842				
260162	1.0167682906				
260163	1.0015309810				
260176	1.0013653580				
260177	0.9962783680				
260179	1.0098121275				
260180	0.9973194264				
260183	1.0021698123				
260186	1.0021461519				
260190	1.0059791397				
260191	0.9983131640				
260193	1.0093152587				
260195	1.0017202643				
260200	1.0027613227				
260210	1.0043702312				
260214	0.9989283349				
260216	1.0041336270				
260219	0.9993778829				
270003	1.0204593159				
270004	1.0002533184				
270012	0.9985970891				
270014	1.0162950822				
270017	1.0041336270				
270023	1.0029979269				
270032	1.0127933402				
270049	1.0023117748				
270051	0.9998037704				
270057	1.0050563833				
270086	1.0140710029				
280003	0.9939123262				
280009	0.9985497682				
280013	1.0008921497				
280020	0.9947167804				
280023	1.0000403746				
280032	0.9969171993				
280040	1.0034001540				
280060	0.9985261078				
280061	0.9935574199				
280065	0.9976743327				
280077	1.0095518629				
280081	1.0020278498				
280105	1.0097174858				
280111	1.0064050272				
280125	0.9952609700				
280128	1.0008211684				
280130	1.0039916645				
280132	1.0072568023				
280134	1.0010104518				
290001	0.9941252699				
290003	0.9901266592				
290005	1.0027613227				
290007	0.9928002865				
290008	0.9991649391				
290009	1.0119888860				
290012	1.0032345311				
290019	1.0050563833				
290021	0.9931315323				
290022	0.9900793383				
290032	1.0015783018				
290039	1.0023590956				
290041	0.9964676514				
290045	0.9941489304				
290046	0.9932025136				
290047	0.9960417638				
290049	1.0099067692				
290053	1.0034238145				
290054	0.9963020284				
290057	0.9974771626				
300001	1.0004426017				
300003	0.9966569347				
300005	1.0024300769				
300011	1.0017912456				
300012	0.9967752368				
300014	1.0031398894				
300017	0.9959471222				
300018	1.0078246523				
300019	0.9992359204				
300020	0.9954029325				
300023	1.0008684892				
300029	0.9972247848				
300034	0.9992359204				
310001	1.0016019622				
310002	0.9971301431				
310003	0.9952846304				
310005	1.0019095477				
310006	1.0012707164				
310008	0.9967515764				
310009	1.0022407935				
310010	1.0104036380				
310011	0.9966096139				
310012	0.9994252037				
310014	0.9890856008				
310015	1.0015309810				
310016	0.9930132303				
310017	1.0018622268				
310019	1.0025483790				
310021	0.9973667473				
310022	0.9969645202				
310024	0.9932734949				
310025	1.0015783018				
310027	0.9961364055				
310028	0.9946457991				
310029	0.9942908929				
310031	1.0069255564				
310032	0.9920904739				
310034	0.9956868576				
310038	0.9957341784				
310039	1.0000640350				
310040	0.9955448951				
310041	0.9958288201				
310044	1.0021224914				
310045	0.9942199116				
310047	1.0026666811				
310048	0.9948114221				
310050	1.0031162290				
310051	0.9946694596				
310052	0.9966096139				
310054	0.9962547076				
310057	0.9926346636				
310058	1.0064996689				
310060	1.0093862400				
310061	0.9977453140				
310064	1.0032818519				
310069	1.0076826898				
310070	1.0062867251				
310073	0.9993069016				
310074	0.9945274970				
310075	1.0082032190				
310076	1.0013180372				
310081	0.9955922159				
310083	0.9963256889				
310084	0.9941331567				
310086	0.9991412787				
310091	0.9982185224				
310092	0.9977926348				
310096	1.0076826898				
310108	0.9977926348				
310110	1.0047014771				
310111	0.9962783680				
310112	1.0048434396				
310113	0.9989283349				
310115	0.9905052259				
310118	1.0056005730				
310119	0.9943855345				
310130	0.9964676514				
320001	0.9952373096				
320002	1.0001823371				
320003	1.0087710691				
320004	0.9956868576				
320005	1.0061920834				
320006	1.0095045421				
320009	1.0054112896				
320011	1.0091969566				
320016	1.0071148398				
320017	0.9995435058				
320018	0.9995435058				
320021	0.9962547076				
320022	1.0047961187				
320033	0.9987390516				
320038	0.9954739138				
320059	1.0054112896				
320063	1.0148754571				
320065	1.0097174858				
320074	1.0082032190				
320085	0.9998274308				
320086	0.9998037704				
320089	1.0078956336				
330003	1.0067835939				
330004	0.9977926348				
330005	0.9991412787				
330006	0.9998274308				
330008	1.0123674527				
330009	1.0043229104				
330011	1.0076117086				
330013	0.9972484452				
330014	0.9888489966				
330019	0.9976033515				
330023	1.0004189413				
330024	0.9970355014				
330027	0.9923507385				
330028	0.9915936051				
330030	1.0089603524				
330033	1.0005845642				
330043	0.9955685555				
330044	0.9912623593				
330045	1.0078246523				
330046	0.9999457329				
330047	1.0006555455				
330049	1.0055295917				
330055	1.0021461519				
330056	1.0033291728				
330057	1.0082032190				
330058	1.0118705839				
330059	0.9988573537				
330061	0.9950480263				
330065	1.0004899225				
330073	1.0081558982				
330074	1.0029269457				
330078	0.9994015433				
330079	1.0112790735				
330080	1.0017202643				
330084	1.0166263281				
330085	1.0061211022				
330086	0.9950164790				
330088	0.9993069016				
330090	1.0037787207				
330094	0.9929185886				
330096	1.0072568023				
330101	0.9966332743				
330102	0.9934154574				
330103	0.9977689744				
330104	1.0011287539				
330106	1.0005845642				
330107	1.0020515102				
330111	0.9885177507				
330115	1.0136214549				
330119	1.0033055124				
330125	1.0072568023				
330126	0.9994252037				
330127	0.9972247848				
330128	0.9940069678				
330135	1.0063340460				
330136	0.9985261078				
330140	1.0082032190				
330141	0.9942672324				
330151	0.9976033515				
330153	1.0037313999				
330157	1.0001586767				
330158	0.9982895036				
330160	0.9917119072				
330162	1.0038497020				
330163	0.9911677176				
330164	1.0064523480				
330167	1.0003952809				
330169	1.0017675852				
330175	1.0123674527				
330180	0.9966096139				
330181	0.9924453802				
330182	1.0013653580				
330184	0.9930605511				
330185	1.0054112896				
330188	1.0040626458				
330191	0.9973667473				
330193	0.9962783680				
330194	1.0002533184				
330195	0.9964439910				
330196	1.0013416976				
330197	1.0172651594				
330198	0.9986917307				
330199	1.0090076733				
330201	0.9984551265				
330202	1.0003952809				
330203	0.9923270781				
330204	0.9997327892				
330205	1.0105219401				
330208	0.9976743327				
330211	1.0044885333				
330214	1.0018622268				
330215	1.0026666811				
330218	1.0049380813				
330219	0.9978399557				
330221	1.0005372434				
330222	1.0103799775				
330223	1.0149227779				
330226	1.0043465708				
330229	1.0049380813				
330231	1.0043229104				
330233	0.9962310472				
330234	0.9927056448				
330235	1.0037787207				
330236	0.9997091287				
330239	0.9952373096				
330240	0.9842588754				
330241	0.9947641012				
330245	0.9956158763				
330246	0.9984078057				
330250	0.9999457329				
330259	0.9977926348				
330261	1.0044175520				
330264	0.9971774639				
330265	1.0063103855				
330267	0.9982421828				
330270	1.0036604186				
330273	1.0023117748				
330276	1.0072568023				
330277	1.0015309810				
330279	0.9968935389				
330285	0.9986917307				
330286	0.9946931200				
330304	0.9997327892				
330307	1.0014363393				
330331	1.0006555455				
330332	0.9972484452				
330350	0.9930605511				
330385	1.0071621606				
330386	0.9998274308				
330393	0.9985497682				
330394	0.9975087098				
330396	0.9957578388				
330397	1.0001586767				
330399	0.9941489304				
330401	0.9984787870				
340001	0.9981002203				
340002	1.0018149060				
340003	1.0096701650				
340004	0.9996381475				
340008	1.0032818519				
340010	0.9998984121				
340013	0.9990229766				
340014	0.9946221387				
340015	0.9948350825				
340016	1.0042755895				
340017	1.0066889522				
340020	1.0071858210				
340021	1.0002059975				
340023	1.0105929213				
340024	1.0003952809				
340027	0.9979109369				
340028	1.0011760747				
340030	0.9986444099				
340032	0.9966096139				
340037	1.0068782356				
340039	0.9972957660				
340041	1.0005845642				
340042	1.0064760085				
340047	1.0005845642				
340050	1.0004426017				
340051	1.0019805289				
340053	0.9930842115				
340060	0.9914516426				
340061	1.0017912456				
340064	0.9992832412				
340068	1.0038497020				
340069	0.9923034177				
340070	0.9968462181				
340071	1.0067599335				
340073	0.9946221387				
340075	1.0029032852				
340085	0.9981002203				
340087	1.0095282025				
340090	1.0072331419				
340091	1.0044885333				
340096	1.0099540900				
340097	1.0076590294				
340098	0.9980292390				
340099	1.0076353690				
340107	1.0121545089				
340109	1.0076826898				
340113	0.9934391178				
340114	1.0080849169				
340115	1.0104746192				
340116	0.9949060637				
340119	1.0017202643				
340120	1.0195602200				
340123	1.0058371772				
340126	1.0037313999				
340127	1.0049854021				
340129	1.0056242334				
340130	0.9954265930				
340131	1.0087000878				
340132	0.9984551265				
340133	1.0049854021				
340141	1.0033291728				
340142	1.0051983459				
340143	1.0013890185				
340144	1.0081795586				
340145	0.9974613890				
340147	0.9923034177				
340148	1.0104115248				
340151	1.0006555455				
340155	1.0034947957				
340158	1.0113973755				
340159	0.9936914956				
340166	1.0064760085				
340171	1.0050327229				
340173	0.9964439910				
340183	0.9999930538				
340184	1.0122254902				
340186	1.0187557657				
340188	1.0144495695				
350002	1.0064523480				
350006	0.9987390516				
350011	0.9918538697				
350015	0.9979109369				
350019	0.9959471222				
350070	0.9996144871				
360001	0.9992359204				
360002	1.0107348838				
360003	0.9934391178				
360006	0.9977926348				
360008	0.9965386326				
360009	0.9999930538				
360010	0.9975087098				
360011	1.0016019622				
360012	1.0027849832				
360013	1.0035657770				
360014	1.0132192278				
360016	1.0059081584				
360017	0.9937467032				
360020	0.9961600659				
360025	1.0020751706				
360026	1.0013890185				
360027	0.9997091287				
360029	1.0026666811				
360032	1.0045595146				
360035	0.9962310472				
360036	1.0099777504				
360037	0.9974377285				
360039	0.9991412787				
360040	0.9985970891				
360041	1.0082032190				
360044	1.0051983459				
360046	1.0025720394				
360048	0.9907181696				
360051	1.0014126789				
360052	0.9990229766				
360054	0.9901976404				
360055	0.9982185224				
360056	1.0066652918				
360058	1.0058371772				
360059	0.9939596470				
360064	0.9940542887				
360065	1.0051746854				
360066	1.0053639688				
360068	1.0003716205				
360070	0.9976033515				
360071	0.9983131640				
360072	1.0028086436				
360074	1.0001350163				
360075	0.9998747517				
360076	1.0012943768				
360077	1.0010577726				
360078	0.9980292390				
360079	0.9965622931				
360080	1.0025720394				
360081	1.0006555455				
360082	1.0051510250				
360084	0.9938650053				
360085	0.9958761409				
360086	0.9986444099				
360087	1.0082978607				
360089	1.0107585442				
360090	0.9984551265				
360091	0.9952609700				
360092	1.0062630647				
360095	1.0039680041				
360096	1.0151120613				
360098	1.0010104518				
360107	1.0101906942				
360109	1.0083925024				
360112	0.9971538035				
360118	0.9970355014				
360121	1.0059791397				
360123	1.0028323040				
360125	1.0052693271				
360131	0.9946379123				
360132	1.0003006392				
360133	1.0034474749				
360134	1.0017202643				
360137	1.0020988310				
360141	1.0017202643				
360143	0.9986680703				
360144	1.0018622268				
360145	1.0039680041				
360147	0.9937230428				
360148	1.0144968904				
360150	1.0039443437				
360152	0.9999220725				
360155	1.0071385002				
360156	1.0107112234				
360159	1.0031872103				
360161	0.9975560306				
360163	1.0040863062				
360170	1.0059791397				
360172	1.0048907604				
360174	0.9982421828				
360175	0.9910257551				
360179	0.9987627120				
360180	1.0053403084				
360185	0.9957578388				
360189	1.0089603524				
360192	1.0031635499				
360197	1.0078719732				
360203	1.0060501209				
360210	1.0012943768				
360211	1.0074697460				
360218	1.0046304958				
360230	1.0005372434				
360234	1.0044885333				
360236	1.0042046083				
360239	1.0034238145				
360259	0.9992595808				
360262	1.0065469897				
360270	1.0051746854				
360276	1.0020041893				
360348	1.0073514440				
360354	0.9989519953				
360359	0.9996618079				
360360	0.9989046745				
360364	1.0047487979				
370001	1.0024300769				
370002	0.9993069016				
370004	1.0120598673				
370006	1.0058844980				
370008	0.9933208157				
370013	0.9926346636				
370014	1.0026430206				
370015	1.0014521129				
370016	1.0052693271				
370018	0.9995908266				
370019	1.0158691947				
370020	0.9964203305				
370022	1.0086054461				
370023	1.0027140019				
370025	0.9915226239				
370026	1.0103089963				
370028	0.9944801762				
370029	1.0097174858				
370032	0.9993778829				
370034	0.9989519953				
370037	0.9942908929				
370039	1.0067362731				
370041	1.0102853359				
370047	1.0024300769				
370049	1.0093862400				
370054	1.0030925686				
370056	0.9960654243				
370078	0.9925873427				
370089	1.0007975080				
370091	0.9961127451				
370093	0.9946457991				
370094	0.9974140681				
370097	1.0054586105				
370099	0.9966096139				
370100	0.9902213009				
370106	0.9897954133				
370114	0.9926346636				
370149	1.0107348838				
370158	1.0002533184				
370166	1.0042282687				
370171	1.0091023149				
370173	1.0040389853				
370178	1.0234405286				
370180	1.0265637039				
370190	1.0019568685				
370202	1.0034238145				
370210	1.0119888860				
370211	1.0033291728				
370215	1.0091023149				
370218	1.0112790735				
370227	1.0196233144				
370228	1.0137870778				
370229	1.0110424693				
370234	1.0168156114				
370235	1.0170995364				
370236	0.9995435058				
380001	1.0113027339				
380002	1.0134321715				
380004	1.0009158101				
380005	1.0111844318				
380007	0.9994961850				
380009	1.0001586767				
380014	1.0064050272				
380017	1.0108058651				
380018	1.0060264605				
380020	1.0104982796				
380021	1.0027140019				
380022	1.0052693271				
380025	1.0035421166				
380027	1.0069492168				
380029	1.0158691947				
380033	1.0047961187				
380037	1.0163424030				
380038	1.0147334946				
380040	1.0114683568				
380047	1.0027376623				
380050	1.0107112234				
380051	0.9995198454				
380052	1.0113737151				
380056	1.0152067029				
380060	1.0178093490				
380061	1.0032108707				
380071	1.0115866589				
380075	1.0083688420				
380082	1.0130772653				
380089	1.0022881144				
380090	1.0088893712				
380091	1.0152697974				
380102	1.0086054461				
380103	1.0201280700				
390001	0.9974613890				
390002	1.0013180372				
390003	1.0136924362				
390004	0.9957814992				
390006	0.9946457991				
390008	0.9945748179				
390009	0.9928002865				
390012	1.0091732962				
390013	1.0090313337				
390016	0.9927766261				
390026	1.0016492831				
390027	0.9988336932				
390028	0.9926819844				
390030	1.0140710029				
390031	0.9922087760				
390032	0.9961600659				
390035	1.0020830574				
390036	0.9926346636				
390037	1.0031398894				
390039	1.0085344649				
390041	0.9943855345				
390042	1.0020515102				
390044	0.9975323702				
390045	0.9941962512				
390046	0.9941489304				
390048	1.0060028001				
390049	1.0034947957				
390050	0.9924927010				
390052	0.9995908266				
390056	0.9984551265				
390057	1.0076353690				
390058	0.9963966701				
390061	0.9976270119				
390062	1.0001113558				
390063	0.9914516426				
390065	0.9985261078				
390066	0.9923034177				
390067	0.9976979931				
390068	0.9912150384				
390071	1.0075091801				
390072	0.9999457329				
390073	0.9935810803				
390076	1.0033528332				
390079	0.9963493493				
390080	1.0088893712				
390081	0.9919248510				
390084	0.9955212346				
390086	1.0040153249				
390090	1.0025247186				
390091	1.0066652918				
390093	0.9968935389				
390096	1.0016729435				
390097	0.9955922159				
390100	1.0009394705				
390101	1.0029506061				
390102	0.9920668135				
390104	0.9979819182				
390107	0.9983841453				
390110	0.9963020284				
390111	1.0026193602				
390112	1.0133611903				
390113	1.0046304958				
390114	0.9961364055				
390115	0.9977453140				
390116	0.9975560306				
390117	1.0089603524				
390118	0.9873110694				
390119	0.9997801100				
390123	1.0024537373				
390125	1.0005135830				
390127	0.9992122599				
390133	1.0017202643				
390137	0.9955212346				
390138	1.0122728110				
390139	1.0108531859				
390142	0.9932971553				
390145	0.9980292390				
390146	1.0025956998				
390147	0.9993778829				
390150	1.0006318851				
390151	1.0090549941				
390153	1.0082268794				
390156	0.9998037704				
390157	0.9991176183				
390160	1.0033291728				
390162	1.0039916645				
390163	1.0080375961				
390164	0.9930605511				
390168	0.9952136492				
390173	0.9992832412				
390174	0.9989993162				
390178	0.9994725245				
390179	1.0082742003				
390180	0.9890856008				
390183	1.0167840642				
390184	1.0046068354				
390185	1.0054822709				
390194	0.9911440572				
390195	1.0006555455				
390197	1.0025720394				
390198	1.0011050934				
390199	1.0128722083				
390201	1.0011760747				
390203	1.0047251375				
390204	1.0000876954				
390211	1.0025010581				
390217	1.0061211022				
390219	1.0113027339				
390220	1.0028086436				
390222	1.0062394043				
390223	0.9994488641				
390225	1.0012943768				
390226	0.9952136492				
390228	1.0055532521				
390231	1.0034001540				
390233	0.9990229766				
390237	0.9981002203				
390256	0.9960890847				
390258	1.0008448288				
390263	1.0024300769				
390265	0.9943618741				
390266	0.9949533846				
390267	0.9956631971				
390268	1.0017439247				
390270	0.9998984121				
390290	0.9945274970				
390304	1.0015783018				
390312	1.0064996689				
390326	1.0153486655				
390328	1.0021461519				
390329	0.9981238807				
390330	0.9979582578				
410004	0.9944801762				
410005	1.0013653580				
410006	1.0069018960				
410007	0.9932025136				
410008	1.0142839466				
410009	0.9935337595				
410010	0.9924927010				
410011	0.9980765598				
410012	1.0048434396				
410013	1.0002533184				
420002	0.9954502534				
420004	0.9957105180				
420005	1.0171941781				
420007	0.9960654243				
420009	1.0030689082				
420010	1.0011524143				
420015	0.9958761409				
420018	0.9989283349				
420019	0.9977926348				
420020	0.9973194264				
420023	1.0011760747				
420026	0.9959707826				
420027	0.9966332743				
420030	1.0007738476				
420033	1.0152067029				
420036	0.9976979931				
420037	1.0059318188				
420038	1.0071621606				
420043	0.9968935389				
420048	0.9985024474				
420049	1.0067835939				
420051	1.0029269457				
420053	1.0106639026				
420055	1.0072568023				
420065	0.9983131640				
420067	1.0059554793				
420068	0.9945748179				
420070	0.9964203305				
420071	0.9996618079				
420073	1.0014126789				
420078	0.9926346636				
420079	0.9898663946				
420080	0.9997327892				
420082	0.9960181034				
420083	0.9942672324				
420085	1.0022407935				
420086	0.9901266592				
420087	0.9993778829				
420089	0.9999220725				
420091	1.0110897901				
420098	1.0044175520				
420101	1.0048434396				
420102	1.0365957214				
420103	1.0092442774				
420104	1.0102380150				
420105	1.0091023149				
420106	1.0058844980				
420107	1.0022407935				
420109	1.0121781694				
430005	1.0036130978				
430008	1.0089603524				
430012	1.0085581253				
430013	1.0028559644				
430014	1.0025720394				
430015	1.0238664162				
430016	1.0014363393				
430027	0.9960417638				
430048	0.9989756558				
430095	1.0072094814				
430097	0.9998037704				
440002	0.9940542887				
440003	1.0036367582				
440006	0.9888726570				
440007	1.0008211684				
440009	0.9967515764				
440011	0.9985261078				
440012	0.9963020284				
440015	0.9984314661				
440017	0.9980055786				
440018	0.9945511575				
440020	0.9921141343				
440025	1.0054822709				
440029	1.0034001540				
440030	1.0040626458				
440031	1.0112317526				
440032	1.0072568023				
440033	0.9984551265				
440034	1.0035184561				
440035	0.9929185886				
440039	1.0005135830				
440046	1.0042046083				
440048	0.9968698785				
440049	0.9990229766				
440050	1.0052929875				
440053	0.9978636161				
440056	1.0004426017				
440057	0.9983604849				
440058	0.9952136492				
440059	0.9988810141				
440061	1.0078719732				
440063	0.9932261740				
440065	1.0005135830				
440067	0.9963730097				
440068	1.0064996689				
440072	0.9984314661				
440073	0.9980292390				
440081	1.0025720394				
440082	0.9977453140				
440083	0.9991176183				
440084	1.0042282687				
440091	1.0058371772				
440102	1.0013890185				
440104	0.9927293052				
440109	1.0008684892				
440110	1.0077536711				
440111	0.9962152736				
440120	0.9924927010				
440125	1.0008211684				
440130	1.0060264605				
440131	0.9960890847				
440132	1.0073041231				
440133	0.9948587429				
440137	1.0047961187				
440144	1.0000876954				
440148	1.0087710691				
440150	0.9940542887				
440151	0.9993069016				
440153	1.0054586105				
440156	0.9912860197				
440161	1.0017202643				
440173	0.9967752368				
440175	1.0024300769				
440176	1.0019332081				
440182	0.9957578388				
440183	0.9969645202				
440184	0.9977453140				
440185	0.9937467032				
440187	0.9917828885				
440189	0.9998747517				
440192	0.9945748179				
440193	0.9958998013				
440194	0.9991412787				
440197	0.9985261078				
440227	0.9997091287				
440228	0.9958051597				
450002	0.9914753030				
450007	1.0015073205				
450010	0.9997564496				
450011	0.9954502534				
450015	1.0030689082				
450018	0.9979345973				
450021	0.9957105180				
450023	1.0024773977				
450024	0.9902686217				
450028	1.0011050934				
450029	0.9948350825				
450032	1.0033764936				
450033	0.9990466370				
450035	0.9947404408				
450039	0.9993542225				
450040	0.9950716867				
450042	0.9945274970				
450044	1.0077063502				
450046	0.9896297904				
450051	0.9975087098				
450054	1.0057425355				
450055	1.0232985661				
450056	0.9980765598				
450058	0.9967752368				
450064	0.9986207495				
450068	0.9968225577				
450072	1.0043702312				
450079	1.0010341122				
450080	0.9978872765				
450082	1.0014363393				
450083	0.9939833074				
450087	1.0015073205				
450090	0.9889436382				
450092	0.9978636161				
450097	0.9949533846				
450099	1.0046541562				
450101	0.9978872765				
450102	1.0016492831				
450104	1.0026193602				
450107	0.9969408598				
450108	0.9980450126				
450119	1.0053639688				
450124	0.9939833074				
450128	1.0039916645				
450130	0.9966805951				
450133	0.9937230428				
450135	0.9939833074				
450137	0.9969171993				
450147	1.0044885333				
450148	0.9976743327				
450152	1.0043465708				
450154	1.0059949133				
450163	0.9968935389				
450165	1.0028559644				
450176	1.0117996027				
450184	0.9995671662				
450187	0.9947641012				
450192	0.9904105842				
450193	1.0006555455				
450194	0.9950953471				
450196	0.9967988972				
450200	0.9991649391				
450203	0.9942672324				
450209	0.9953792721				
450211	0.9961600659				
450213	0.9916409260				
450222	0.9951426679				
450229	0.9972484452				
450231	1.0048197792				
450235	0.9996854683				
450236	1.0019095477				
450271	0.9914989635				
450272	1.0080375961				
450289	0.9952373096				
450292	1.0057425355				
450299	0.9931315323				
450324	1.0011287539				
450330	1.0053403084				
450340	1.0025010581				
450346	0.9972484452				
450347	0.9941489304				
450351	1.0037077395				
450352	0.9957578388				
450358	1.0029979269				
450369	1.0095282025				
450370	0.9991176183				
450372	1.0030452478				
450379	1.0061920834				
450388	0.9922087760				
450389	0.9930132303				
450395	1.0050327229				
450403	0.9984551265				
450419	1.0006318851				
450424	0.9965386326				
450431	1.0065469897				
450447	1.0016492831				
450462	0.9953082909				
450465	0.9978162952				
450469	0.9919958323				
450475	1.0082978607				
450508	0.9915699447				
450518	0.9991176183				
450537	1.0028086436				
450539	1.0010104518				
450558	0.9929185886				
450563	1.0014126789				
450565	0.9903632634				
450571	0.9989519953				
450573	0.9981712015				
450587	0.9985734286				
450596	1.0071148398				
450597	1.0008211684				
450604	1.0166736489				
450610	1.0028086436				
450617	0.9952609700				
450634	0.9977453140				
450638	0.9932734949				
450639	0.9941016095				
450643	0.9977453140				
450644	0.9973667473				
450647	0.9963020284				
450651	0.9945984783				
450653	0.9930605511				
450654	1.0008211684				
450656	1.0000167142				
450659	0.9945511575				
450661	1.0019332081				
450662	1.0002059975				
450668	0.9997327892				
450669	0.9984551265				
450670	0.9971538035				
450672	1.0001586767				
450674	1.0010735462				
450675	0.9926346636				
450677	1.0063813668				
450678	1.0013653580				
450684	0.9942908929				
450686	0.9959707826				
450688	0.9999457329				
450690	1.0012628296				
450697	0.9924927010				
450702	1.0007738476				
450709	0.9976743327				
450711	1.0049617417				
450713	0.9960181034				
450716	0.9938176845				
450718	0.9965859535				
450723	0.9944328554				
450730	0.9954029325				
450742	1.0020751706				
450743	0.9990702974				
450747	1.0003242996				
450754	1.0165316864				
450755	1.0061211022				
450766	0.9945748179				
450771	0.9964203305				
450775	0.9980528994				
450779	1.0016256226				
450788	0.9968462181				
450801	0.9998037704				
450809	1.0007501872				
450820	1.0060501209				
450822	1.0051983459				
450827	1.0027140019				
450828	1.0022881144				
450840	0.9961127451				
450844	1.0036367582				
450847	0.9980055786				
450848	1.0024300769				
450851	1.0064996689				
450853	0.9991807127				
450855	1.0051983459				
450862	0.9977216536				
450867	0.9980765598				
450869	0.9982895036				
450872	1.0016413963				
450876	1.0092442774				
450885	0.9961127451				
450890	0.9998747517				
460001	0.9965622931				
460003	1.0014363393				
460004	1.0018622268				
460005	0.9932498344				
460006	1.0013890185				
460007	1.0121308485				
460009	0.9981475411				
460010	0.9935337595				
460011	1.0040389853				
460013	1.0000403746				
460014	1.0065469897				
460015	1.0058371772				
460017	1.0085817857				
460019	1.0098594483				
460021	1.0001350163				
460023	0.9970355014				
460026	1.0023354352				
460030	1.0187557657				
460041	0.9910020947				
460042	1.0056952146				
460044	1.0045121937				
460047	0.9925636823				
460051	0.9980292390				
460052	0.9979582578				
460057	1.0081085774				
460058	1.0036130978				
460060	1.0117996027				
470001	0.9976033515				
470003	0.9988100328				
470005	1.0078009919				
470011	1.0045595146				
470012	1.0080375961				
470024	1.0100723921				
490001	1.0158928551				
490002	1.0030294741				
490004	1.0032818519				
490005	0.9984078057				
490007	1.0014363393				
490009	0.9996854683				
490011	1.0010577726				
490013	1.0087474087				
490017	1.0014126789				
490018	1.0015546414				
490019	1.0015073205				
490020	0.9840459316				
490021	1.0043702312				
490022	1.0004189413				
490023	0.9987390516				
490024	0.9988810141				
490032	0.9990466370				
490033	0.9961837264				
490037	1.0070675189				
490038	1.0036604186				
490040	1.0031398894				
490041	1.0048671000				
490042	1.0082742003				
490043	1.0019568685				
490044	1.0105219401				
490045	0.9975087098				
490046	1.0094808816				
490048	0.9997091287				
490050	1.0023354352				
490052	0.9922797573				
490053	1.0007501872				
490057	0.9982421828				
490059	0.9995198454				
490060	1.0160111572				
490063	1.0009631309				
490066	1.0152776842				
490067	0.9949770450				
490069	0.9985261078				
490075	1.0007028663				
490077	1.0051510250				
490084	1.0029032852				
490088	1.0114210360				
490089	1.0083925024				
490090	1.0052693271				
490092	1.0155852696				
490093	0.9990229766				
490097	1.0112948471				
490098	1.0069255564				
490101	1.0072568023				
490107	0.9920904739				
490110	0.9952609700				
490111	0.9982185224				
490112	0.9947877617				
490113	0.9941252699				
490114	1.0136924362				
490115	1.0108058651				
490116	0.9996854683				
490118	0.9998510912				
490119	1.0085581253				
490120	1.0005609038				
490122	1.0088893712				
490126	1.0055532521				
490127	1.0131245861				
490130	1.0036840791				
490136	0.9986917307				
490140	1.0100960525				
490141	0.9992359204				
490143	1.0125567361				
490144	1.0000640350				
490145	1.0072568023				
500001	1.0056242334				
500002	1.0106639026				
500003	0.9980765598				
500005	1.0069728773				
500007	1.0021461519				
500008	0.9975560306				
500011	0.9981712015				
500012	1.0069018960				
500014	1.0045121937				
500015	1.0031635499				
500016	1.0064050272				
500019	1.0039206833				
500021	1.0021461519				
500024	0.9949297242				
500025	0.9985261078				
500026	0.9997091287				
500027	1.0001350163				
500030	0.9996854683				
500031	0.9994488641				
500033	1.0113027339				
500036	1.0081558982				
500037	1.0130772653				
500039	0.9981475411				
500041	0.9990229766				
500044	0.9940306283				
500050	1.0008684892				
500051	1.0104272984				
500053	1.0022171331				
500054	0.9917355676				
500058	1.0021461519				
500060	0.9990229766				
500064	0.9908837926				
500072	1.0078956336				
500077	0.9945748179				
500079	1.0032108707				
500084	1.0032187575				
500088	1.0009867913				
500108	0.9969645202				
500119	0.9945748179				
500124	1.0013890185				
500129	1.0020515102				
500139	1.0088893712				
500141	0.9969408598				
500150	1.0118232631				
500151	1.0030689082				
500152	1.0036367582				
510001	0.9929895698				
510002	0.9961127451				
510006	1.0083215211				
510007	1.0024064165				
510008	1.0031398894				
510012	0.9995198454				
510013	0.9982973904				
510022	0.9956631971				
510023	0.9954739138				
510024	1.0057425355				
510029	1.0032818519				
510030	1.0103799775				
510031	1.0114210360				
510038	1.0130772653				
510039	0.9986680703				
510046	0.9961837264				
510047	1.0027140019				
510048	1.0170995364				
510050	0.9944328554				
510055	1.0023827560				
510058	0.9992122599				
510062	1.0080375961				
510070	0.9980765598				
510071	1.0054822709				
510077	1.0193709366				
510082	0.9982342960				
520002	1.0218789410				
520004	1.0040626458				
520008	0.9986917307				
520009	1.0020041893				
520011	1.0142129654				
520013	1.0005609038				
520017	1.0200334283				
520019	1.0177856886				
520021	0.9901266592				
520027	1.0006555455				
520028	1.0136451153				
520030	1.0028559644				
520033	1.0086291066				
520034	1.0156325905				
520035	1.0142839466				
520037	0.9989756558				
520038	1.0129353028				
520041	1.0000167142				
520044	1.0038023812				
520045	0.9979819182				
520048	1.0149937592				
520049	1.0020515102				
520051	0.9933444761				
520057	1.0216896577				
520059	1.0025720394				
520062	1.0027613227				
520063	1.0126513777				
520066	1.0057661959				
520070	1.0068309147				
520071	1.0088183899				
520075	1.0034001540				
520076	1.0094808816				
520078	0.9996381475				
520083	1.0037077395				
520087	1.0052456667				
520088	1.0083215211				
520089	1.0099304296				
520091	1.0134321715				
520095	1.0200018811				
520096	0.9935574199				
520097	1.0039443437				
520098	1.0047724583				
520100	0.9914279822				
520102	1.0087710691				
520103	1.0079902753				
520107	1.0050563833				
520109	1.0106639026				
520113	1.0059318188				
520116	1.0059081584				
520136	0.9980765598				
520138	1.0003006392				
520139	0.9976743327				
520160	0.9999220725				
520177	0.9999693933				
520189	1.0073277835				
520193	1.0037077395				
520198	1.0047724583				
520202	1.0047724583				
520204	0.9999457329				
520206	0.9984551265				
520207	1.0051273646				
520208	1.0009158101				
530002	1.0084161628				
530006	1.0149227779				
530008	1.0199624471				
530011	1.0105219401				
530012	1.0001823371				
530014	0.9930368907				
530015	1.0198914658				
530025	1.0070675189				
530032	0.9985497682				
670004	0.9922087760				
670006	1.0057425355				
670023	0.9967988972				
670024	0.9966096139				
670025	1.0064996689				
670031	1.0055532521				
670034	1.0059081584				
670041	1.0011050934				
670043	0.9971774639				
670044	0.9947167804				
670047	0.9980528994				
670053	0.9974613890				
670055	1.0026666811				
670056	0.9982185224				
670060	1.0022644539				
670068	1.0015783018				
670071	0.9990229766				
670075	1.0018622268				
670077	0.9994961850				
670080	1.0120125464				
670082	1.0017439247				
670085	1.0021461519				
670088	1.0055532521				
670098	1.0064050272				
670103	0.9970355014				
670106	1.0044175520				
670108	1.0093862400				
670120	0.9949533846				
670122	0.9994961850				
"*We note that these updated proxy adjustment factors will not be used to adjust hospital payments. These updated proxy value based incentive payment adjustment factors were calculated using the historical baseline and performance periods for the FY 2019 Hospital Value-Based Purchasing (VBP) Program.  These updated proxy factors were calculated using the March 2019 update to the FY 2018 MedPAR file. The slope of the linear exchange function used to calculate these proxy factors was 2.8392502375, and the estimated amount available for value-based incentive payments to hospitals for FY 2020 is approximately $1.9 billion. We will add a new table, Table 16B to display the actual value-based incentive payment adjustment factors, exchange function slope, and estimated amount available for the FY 2020 Hospital VBP Program. We expect that Table 16B will be posted in the fall of 2019, as discussed in the FY 2020 IPPS final rule preamble."					
