TABLE 16B.?ACTUAL HOSPITAL VALUE-BASED PURCHASING PROGRAM (VBP) ADJUSTMENT FACTORS FOR FY 2018*					
CMS Certification Number (CCN)	Actual FY 2018 Hospital VBP Adjustment Factor				
010001	1.0005528171				
010005	0.9993826969				
010006	0.9931259954				
010007	0.9959319895				
010011	0.9965537592				
010012	0.9996339286				
010016	0.9953423407				
010019	0.9982056936				
010021	1.0010070990				
010022	0.9998507450				
010023	0.9968841461				
010024	0.9944544259				
010029	1.0017711187				
010033	1.0097830005				
010034	1.0137269939				
010035	1.0011103449				
010036	1.0093906661				
010038	1.0046207055				
010039	0.9953698729				
010040	0.9955488325				
010044	1.0227851008				
010045	1.0154615250				
010046	1.0073188650				
010049	0.9988630259				
010055	0.9983158226				
010056	0.9985429636				
010059	0.9973453111				
010061	0.9975621275				
010062	0.9936835232				
010065	1.0033438979				
010069	1.0091015776				
010073	0.9917562664				
010078	0.9964918117				
010079	0.9947435145				
010083	1.0046826531				
010085	0.9966845374				
010086	0.9981162138				
010087	1.0011355828				
010089	0.9994171122				
010090	0.9936559910				
010091	1.0156542507				
010092	0.9881357769				
010097	1.0033198072				
010099	0.9967671341				
010100	1.0070779579				
010101	1.0013443690				
010103	0.9932498904				
010104	1.0030789001				
010108	1.0092943032				
010112	0.9834690622				
010113	1.0030376017				
010114	1.0000503537				
010118	1.0041870727				
010120	1.0068370508				
010125	0.9990798422				
010126	1.0034161700				
010128	1.0017780018				
010129	1.0076802257				
010130	1.0102579316				
010131	0.9969529767				
010139	0.9964298642				
010144	0.9969185614				
010148	1.0048616126				
010149	1.0013512520				
010150	0.9956107800				
010157	0.9908408195				
010158	1.0031270815				
010164	0.9944062445				
010169	1.0146906223				
020001	1.0007386597				
020006	1.0136650463				
020008	1.0117033742				
020012	1.0176778703				
020017	1.0056531645				
020024	1.0012961876				
020026	1.0010070990				
030001	1.0021634531				
030002	0.9999058094				
030006	0.9920384719				
030007	1.0001398335				
030010	0.9943098817				
030011	0.9946884500				
030012	0.9925065200				
030013	0.9958310379				
030014	0.9932498904				
030016	1.0023699449				
030022	0.9890856392				
030023	1.0056325153				
030024	0.9968703800				
030030	0.9973384281				
030033	1.0131969982				
030036	0.9955694817				
030037	0.9917287342				
030038	0.9914327626				
030043	0.9958448041				
030055	0.9983640040				
030061	1.0054397897				
030062	1.0082343120				
030064	0.9977101133				
030065	1.0003394422				
030068	1.0122494303				
030069	1.0036914924				
030071	1.0160397020				
030073	1.0140401731				
030078	1.0216929886				
030083	0.9988182860				
030084	1.0177099912				
030085	0.9911574402				
030087	0.9975793352				
030088	1.0029205897				
030089	1.0001811318				
030092	0.9915153593				
030093	0.9996098379				
030094	0.9955488325				
030101	1.0045725241				
030103	1.0198460342				
030105	1.0068852323				
030110	1.0055774509				
030111	1.0044279798				
030114	1.0001398335				
030115	1.0055361525				
030117	1.0140642638				
030119	1.0012204739				
030121	0.9955488325				
030122	1.0011034619				
030123	1.0067888694				
030130	1.0120165535				
040001	0.9987425723				
040002	1.0050061569				
040004	0.9926717134				
040007	0.9895330381				
040010	1.0007524258				
040011	1.0213717791				
040014	1.0020395580				
040015	1.0029825372				
040016	0.9999126925				
040017	1.0076802257				
040019	1.0068852323				
040020	0.9949362401				
040022	0.9948605265				
040026	0.9915773069				
040027	0.9932154751				
040029	1.0021152717				
040036	0.9928782052				
040039	0.9963094106				
040041	0.9996580193				
040050	1.0028379930				
040051	1.0125706398				
040055	0.9917356173				
040062	0.9962027232				
040067	0.9988389351				
040069	1.0020670903				
040071	0.9919696413				
040072	1.0160878834				
040076	1.0077524978				
040078	0.9957071429				
040084	0.9908752348				
040085	1.0185933173				
040088	0.9995134750				
040114	0.9896706993				
040118	1.0023561788				
040119	1.0014544979				
040134	1.0158951578				
040137	0.9935389790				
040153	0.9963816827				
050002	0.9988389351				
050006	0.9981024477				
050007	1.0091497590				
050008	0.9982125767				
050009	0.9997887974				
050013	1.0008143734				
050014	1.0002361963				
050017	1.0031683799				
050018	0.9990798422				
050022	0.9942272850				
050025	0.9993895799				
050026	0.9948261112				
050030	1.0190751315				
050036	0.9910954927				
050038	0.9956383123				
050039	0.9983984193				
050040	1.0093493677				
050042	0.9995134750				
050043	0.9978271253				
050045	1.0055361525				
050047	1.0060317328				
050054	0.9939726117				
050055	1.0052952454				
050056	0.9903177069				
050057	0.9947435145				
050058	1.0010415143				
050060	0.9925340522				
050063	1.0003807406				
050067	1.0002361963				
050069	0.9955694817				
050070	1.0137269939				
050071	1.0090740453				
050072	1.0096246901				
050073	1.0133484256				
050075	0.9996786685				
050076	1.0079452235				
050077	0.9996304870				
050078	1.0013925504				
050082	1.0013719012				
050084	1.0018399493				
050089	0.9932498904				
050090	1.0022598159				
050091	1.0002361963				
050093	0.9903452391				
050099	0.9989077657				
050100	0.9972971297				
050101	0.9945989702				
050102	0.9947366314				
050103	1.0007937242				
050104	1.0009864499				
050107	1.0070022443				
050108	0.9975931013				
050110	1.0052711547				
050112	1.0056806968				
050113	0.9898290096				
050115	0.9966432390				
050116	0.9944957243				
050118	1.0020670903				
050121	0.9989215319				
050122	0.9983089395				
050124	0.9969116784				
050125	1.0028311099				
050126	1.0051094028				
050127	0.9987425723				
050128	0.9943649462				
050129	0.9936904063				
050131	1.0031270815				
050132	1.0051507011				
050133	0.9924239232				
050136	1.0023079974				
050137	1.0187103293				
050138	1.0024112433				
050139	1.0092943032				
050140	1.0041733066				
050145	1.0060867973				
050149	1.0021359209				
050150	1.0044761613				
050152	0.9984053024				
050153	0.9951702642				
050158	1.0055040315				
050159	0.9956383123				
050167	0.9948261112				
050168	0.9999815231				
050169	1.0065479623				
050174	0.9966294729				
050179	1.0010759296				
050180	1.0000297045				
050189	1.0121851884				
050191	0.9963954489				
050192	1.0143694128				
050194	0.9998507450				
050195	1.0072087361				
050197	1.0073670464				
050204	0.9967189527				
050211	0.9990075701				
050222	1.0052126487				
050224	1.0009795668				
050225	1.0109324715				
050226	1.0019500783				
050228	0.9967809002				
050230	1.0030307187				
050231	0.9925409353				
050232	1.0066443252				
050234	1.0119924627				
050235	0.9910128960				
050236	1.0008625548				
050238	1.0053984913				
050239	1.0019156630				
050242	0.9943167647				
050243	0.9907995211				
050245	0.9956314292				
050248	0.9932154751				
050261	0.9902144610				
050262	1.0088882027				
050272	1.0023217635				
050278	1.0006560630				
050279	1.0029825372				
050280	0.9911918555				
050281	1.0040425285				
050283	0.9993413985				
050289	0.9977789439				
050290	1.0044968104				
050291	1.0078970421				
050292	1.0006560630				
050295	0.9962440215				
050296	1.0065961437				
050298	1.0032234443				
050300	0.9995960717				
050301	1.0053434268				
050305	0.9909991298				
050308	1.0008350225				
050309	1.0028517591				
050313	1.0009589176				
050315	0.9918388632				
050320	0.9918388632				
050324	0.9994171122				
050327	0.9946953330				
050329	0.9959686991				
050334	0.9948467604				
050335	1.0072706836				
050336	1.0004839865				
050342	1.0017298203				
050348	0.9971250532				
050350	1.0032578596				
050351	1.0036364279				
050352	1.0162806091				
050353	1.0034161700				
050357	1.0038979842				
050359	0.9907203659				
050360	0.9972971297				
050367	0.9953010423				
050373	0.9998232127				
050376	0.9948467604				
050378	1.0003807406				
050380	0.9926510642				
050382	0.9982469920				
050390	0.9882665550				
050393	1.0001260674				
050394	0.9996511362				
050396	1.0056393984				
050407	1.0152045574				
050411	1.0106984475				
050414	1.0036088957				
050417	1.0070056858				
050424	1.0079934049				
050425	1.0082664330				
050426	0.9939726117				
050438	1.0035194159				
050441	1.0004771034				
050444	1.0028724083				
050454	1.0038979842				
050455	0.9972076499				
050457	1.0005252848				
050464	0.9933875516				
050468	1.0036570771				
050471	0.9997750313				
050481	0.9994652936				
050485	0.9967671341				
050488	0.9954593527				
050492	0.9934288500				
050496	1.0014407318				
050498	0.9958035057				
050502	1.0019707274				
050503	0.9999264586				
050506	0.9963954489				
050510	1.0104506573				
050512	1.0148833479				
050515	1.0121851884				
050516	1.0004702204				
050517	0.9962922030				
050523	1.0004564542				
050526	0.9969357691				
050528	1.0086679448				
050534	0.9940689746				
050537	1.0086197634				
050541	1.0052745962				
050549	0.9935458620				
050551	0.9959893483				
050557	1.0008832040				
050561	0.9983089395				
050567	1.0065066640				
050568	1.0020911810				
050570	0.9928850883				
050573	0.9980680324				
050580	1.0057288782				
050581	0.9922380806				
050586	1.0134379053				
050588	1.0047170684				
050589	0.9966948620				
050590	1.0039736979				
050597	1.0023079974				
050599	1.0028242269				
050603	0.9943236478				
050604	1.0042421372				
050608	1.0038016214				
050609	1.0150210091				
050616	1.0019707274				
050624	1.0027416301				
050625	1.0055223864				
050633	0.9966466805				
050636	0.9945852041				
050641	1.0022116345				
050674	1.0102303994				
050677	1.0152412671				
050678	1.0005184018				
050684	1.0015852761				
050686	1.0040356454				
050688	0.9926235320				
050689	1.0012480061				
050690	1.0150485414				
050696	0.9934265557				
050701	0.9972902466				
050704	1.0003807406				
050709	1.0159915206				
050710	1.0127908977				
050714	1.0178384750				
050723	1.0156542507				
050724	0.9977548532				
050727	0.9923344435				
050735	1.0021152717				
050736	0.9919008107				
050737	1.0039943471				
050739	1.0015577438				
050740	1.0049579755				
050742	0.9968153155				
050744	0.9909853637				
050746	0.9963610336				
050747	0.9865526731				
050748	1.0136994616				
050755	1.0060179667				
050757	0.9999952892				
050758	0.9983089395				
050760	1.0146906223				
050761	1.0016541067				
050763	0.9936835232				
050764	0.9944544259				
050765	1.0120567046				
050767	1.0115519469				
050770	1.0047514837				
050771	1.0014166411				
050772	1.0116070114				
050773	1.0014407318				
050775	1.0050543383				
050776	0.9914671779				
050777	1.0080828847				
050779	1.0067888694				
060001	1.0022873482				
060003	1.0004771034				
060004	1.0063070552				
060006	1.0063070552				
060008	1.0086197634				
060009	1.0038498028				
060010	1.0056393984				
060011	0.9968703800				
060012	1.0003738575				
060013	1.0075597721				
060014	0.9982056936				
060015	0.9956589614				
060016	1.0004530127				
060020	1.0032372105				
060022	0.9973177789				
060023	0.9962233724				
060024	1.0007937242				
060027	1.0030307187				
060028	1.0011654094				
060030	0.9933462533				
060031	0.9953216915				
060032	1.0042352542				
060034	0.9903590053				
060044	1.0011034619				
060049	1.0182560473				
060054	0.9932980719				
060064	1.0085715819				
060065	0.9993895799				
060075	1.0015852761				
060076	1.0026934487				
060096	1.0123779141				
060100	1.0050818705				
060103	0.9984293931				
060104	1.0045243427				
060112	1.0043935645				
060113	0.9954180543				
060114	1.0081654814				
060116	1.0043385001				
060118	1.0223996494				
060119	1.0017642356				
060125	0.9945989702				
060126	1.0156542507				
070002	1.0032440935				
070003	1.0004289220				
070004	1.0137269939				
070005	0.9903590053				
070006	0.9953698729				
070007	1.0011378772				
070008	1.0040425285				
070010	1.0029687711				
070011	0.9950326030				
070012	1.0003325592				
070016	0.9945439057				
070017	0.9975724521				
070018	1.0010002160				
070019	1.0077043164				
070020	1.0012273570				
070021	1.0065961437				
070022	0.9977445286				
070024	1.0065135470				
070025	0.9929676850				
070027	0.9991830881				
070028	0.9916186052				
070029	1.0055843339				
070031	1.0022735821				
070033	0.9997474991				
070034	0.9989628302				
070035	0.9969254445				
070036	0.9992863340				
080001	0.9999126925				
080003	1.0027416301				
080004	1.0014269657				
080006	1.0042834356				
080007	1.0011929417				
080009	1.0002843777				
090001	0.9917562664				
090003	0.9975862182				
090004	0.9943374139				
090005	0.9984810160				
090006	0.9951151997				
090008	0.9941378052				
090011	0.9920728872				
100001	0.9975173876				
100002	0.9954937680				
100006	0.9952803931				
100007	1.0052952454				
100008	0.9954731188				
100009	0.9970080412				
100012	0.9931397615				
100014	0.9875163015				
100017	0.9885212282				
100018	0.9929539189				
100019	0.9967809002				
100022	0.9929676850				
100023	0.9943649462				
100025	0.9952390948				
100026	0.9962577877				
100028	0.9944200106				
100029	0.9987150401				
100030	0.9939588456				
100032	0.9926648303				
100034	1.0005872324				
100035	0.9896913484				
100038	1.0036157788				
100039	0.9942823494				
100040	0.9991830881				
100043	1.0095352103				
100044	0.9930365156				
100045	1.0082618442				
100046	1.0009038531				
100047	0.9918526293				
100048	1.0050543383				
100049	0.9915153593				
100050	0.9961407756				
100051	1.0026590334				
100052	0.9956383123				
100053	0.9991073745				
100054	1.0124260955				
100055	1.0061349787				
100057	0.9999195756				
100062	0.9949913046				
100063	0.9988389351				
100067	0.9981162138				
100068	0.9990178947				
100069	0.9985016652				
100070	0.9939726117				
100071	0.9899873200				
100072	0.9959480500				
100073	0.9962715538				
100075	1.0029894203				
100077	0.9971663516				
100080	0.9932223582				
100084	0.9896982315				
100086	0.9968153155				
100087	1.0029068236				
100088	1.0069058814				
100090	0.9972214160				
100092	0.9953148084				
100093	0.9999677570				
100099	0.9956589614				
100102	1.0061625110				
100105	0.9950326030				
100106	0.9919489921				
100107	1.0056806968				
100109	0.9970218073				
100110	0.9984603668				
100113	0.9982676412				
100117	1.0042008389				
100118	0.9954662358				
100121	0.9992966586				
100122	0.9999815231				
100124	0.9994652936				
100125	0.9996855515				
100126	1.0018261832				
100127	1.0019913766				
100128	1.0012961876				
100130	0.9996580193				
100131	0.9963816827				
100132	1.0046688869				
100135	0.9957002598				
100137	0.9923069112				
100140	1.0038738935				
100142	1.0039220749				
100150	0.9901662796				
100151	1.0118479185				
100154	1.0006835952				
100156	1.0027898116				
100157	0.9919283429				
100161	0.9969047953				
100166	0.9969116784				
100167	1.0017780018				
100168	0.9959411669				
100173	0.9951496150				
100175	1.0022598159				
100176	1.0036570771				
100177	1.0035607143				
100179	1.0000503537				
100180	0.9965881745				
100181	1.0006698291				
100183	1.0036570771				
100187	0.9905173156				
100189	0.9977169964				
100191	0.9976550488				
100200	0.9938280675				
100204	0.9935458620				
100206	0.9996580193				
100209	0.9991693220				
100211	0.9966225898				
100212	0.9903590053				
100213	0.9918044479				
100217	1.0005252848				
100220	0.9962577877				
100223	0.9913570490				
100224	1.0001398335				
100226	0.9989490641				
100228	0.9991280237				
100230	1.0054397897				
100231	0.9979647865				
100232	1.0037052585				
100236	0.9938762489				
100238	0.9986462095				
100242	0.9946402686				
100243	0.9987288062				
100244	0.9946953330				
100246	0.9945920871				
100248	0.9903590053				
100249	0.9936353418				
100252	1.0068852323				
100253	1.0045931733				
100254	0.9994928258				
100255	1.0059216039				
100256	0.9948398773				
100258	0.9937798861				
100259	0.9961889571				
100260	0.9939794948				
100264	0.9982951734				
100265	1.0007455428				
100266	1.0115829207				
100267	1.0017780018				
100268	1.0002361963				
100269	0.9977238794				
100275	0.9945920871				
100276	1.0024043602				
100281	1.0024112433				
100284	1.0010552805				
100285	1.0089088519				
100286	1.0004289220				
100287	0.9960994773				
100288	0.9927198948				
100289	1.0073670464				
100290	0.9929126205				
100291	1.0033679886				
100292	1.0025970859				
100296	0.9980680324				
100299	0.9997543821				
100302	0.9935389790				
100307	0.9966501221				
100313	1.0067888694				
100314	1.0123916802				
100315	1.0064997809				
100316	1.0057770596				
100319	1.0118823338				
100320	1.0073188650				
100321	1.0157987949				
110001	1.0077524978				
110002	0.9941171560				
110003	1.0024387755				
110005	1.0010002160				
110006	0.9981643953				
110007	0.9923482096				
110008	1.0006009985				
110010	1.0046207055				
110011	1.0025213722				
110015	1.0074152279				
110016	1.0038911012				
110018	0.9919489921				
110023	1.0140367316				
110024	1.0009589176				
110025	0.9955281833				
110026	1.0046688869				
110027	0.9933462533				
110028	0.9934770314				
110029	1.0021428039				
110030	1.0014613810				
110031	0.9904071867				
110032	1.0045725241				
110034	0.9942479341				
110035	0.9986599756				
110036	0.9904966665				
110038	0.9992175034				
110039	1.0014407318				
110041	0.9987907537				
110042	1.0088124890				
110043	0.9972007669				
110044	1.0016816389				
110045	1.0042834356				
110046	0.9964539549				
110051	1.0133897239				
110054	0.9959342838				
110064	0.9927267779				
110069	1.0063758858				
110071	0.9938762489				
110073	1.0076079535				
110074	1.0081310661				
110075	0.9931122292				
110076	0.9901869288				
110078	1.0015715100				
110079	1.0000365876				
110082	1.0019225460				
110083	1.0049648585				
110086	1.0129560911				
110087	0.9958310379				
110089	1.0032716258				
110091	0.9973728434				
110092	1.0054397897				
110095	1.0063139383				
110104	1.0040425285				
110105	1.0011034619				
110107	0.9955350664				
110109	1.0027416301				
110115	0.9959205177				
110121	1.0195087642				
110122	1.0002706116				
110124	0.9977066718				
110125	1.0047170684				
110128	1.0024525416				
110129	0.9931397615				
110132	1.0190269500				
110135	1.0032716258				
110142	1.0123779141				
110143	0.9955625986				
110146	1.0027416301				
110150	1.0081861306				
110153	1.0094870289				
110161	0.9974416740				
110164	0.9973177789				
110165	0.9978753067				
110168	1.0016816389				
110177	0.9974554401				
110184	1.0058183580				
110189	1.0067406880				
110191	0.9907857550				
110192	0.9962096062				
110194	1.0091497590				
110198	0.9910335451				
110200	1.0111573181				
110201	0.9990316608				
110215	0.9975999843				
110225	1.0054397897				
110226	1.0002843777				
110229	1.0014682641				
110230	1.0092254726				
110233	0.9997543821				
120001	0.9990041286				
120002	1.0086472956				
120004	1.0153651621				
120005	1.0052401809				
120006	1.0153651621				
120007	0.9907444566				
120011	1.0170859271				
120014	1.0142328988				
120019	1.0032716258				
120022	1.0114142857				
120026	1.0087161262				
130002	1.0065823776				
130003	0.9964780456				
130006	1.0074358770				
130007	1.0033335733				
130013	1.0147388037				
130014	1.0055361525				
130018	0.9987563384				
130025	0.9969598598				
130028	1.0037121416				
130049	1.0014269657				
130065	1.0039943471				
140001	0.9983571209				
140002	0.9997543821				
140007	0.9955901308				
140008	0.9997130838				
140010	1.0044555121				
140011	1.0023079974				
140012	1.0075356814				
140013	0.9962853199				
140015	1.0004426881				
140018	0.9937454708				
140029	0.9987288062				
140030	1.0050199230				
140032	1.0029343558				
140034	1.0141365359				
140040	0.9959962314				
140043	1.0014889132				
140046	0.9990591931				
140048	1.0047308345				
140049	1.0035125329				
140052	1.0009348269				
140053	0.9975380368				
140054	0.9910335451				
140058	1.0079693142				
140059	0.9987586328				
140062	1.0071743208				
140063	0.9998507450				
140064	1.0031270815				
140065	1.0088400213				
140067	0.9963403844				
140068	1.0001639242				
140077	1.0019707274				
140080	0.9971525855				
140082	0.9975380368				
140084	0.9958379210				
140088	0.9992381526				
140089	0.9957553243				
140091	1.0008900870				
140093	1.0007661919				
140095	1.0025970859				
140100	1.0067888694				
140101	0.9988389351				
140103	1.0030789001				
140110	1.0014889132				
140113	0.9995065920				
140114	1.0042490203				
140115	0.9942617003				
140116	1.0024387755				
140117	1.0004358051				
140118	0.9980336171				
140119	1.0067957525				
140120	0.9997062007				
140122	1.0090946945				
140124	1.0127220671				
140125	0.9979234882				
140127	1.0067751033				
140130	1.0077662639				
140133	1.0023079974				
140135	1.0041733066				
140137	1.0133897239				
140143	1.0023561788				
140145	1.0117997371				
140147	1.0031270815				
140148	0.9935458620				
140150	0.9959962314				
140155	1.0020670903				
140158	1.0007317766				
140160	0.9956589614				
140161	1.0024525416				
140162	1.0049097940				
140164	1.0043729154				
140166	1.0030307187				
140172	0.9943993615				
140174	0.9968290816				
140176	0.9990316608				
140177	1.0045725241				
140179	0.9988251690				
140180	1.0011241111				
140181	0.9953216915				
140182	1.0009245023				
140184	0.9998748357				
140185	1.0067888694				
140186	1.0054466727				
140187	1.0053709591				
140189	1.0059353700				
140191	1.0012824214				
140200	1.0026246181				
140202	0.9966157068				
140206	1.0000434706				
140208	0.9993207493				
140209	0.9985704958				
140210	1.0028861744				
140211	1.0025351383				
140213	1.0055499186				
140217	0.9996098379				
140223	1.0018881307				
140224	1.0083031426				
140228	0.9997750313				
140231	1.0085991142				
140233	0.9950394860				
140234	1.0077524978				
140239	0.9923069112				
140240	0.9985016652				
140242	1.0013787843				
140250	0.9993001002				
140251	1.0001398335				
140252	0.9947366314				
140258	1.0020464411				
140275	0.9988389351				
140276	1.0005115187				
140280	0.9955144172				
140281	1.0075460060				
140286	0.9950257199				
140288	1.0051919995				
140289	0.9935114467				
140290	1.0034643514				
140291	1.0005184018				
140292	1.0017780018				
140294	0.9981162138				
140304	1.0030031864				
150001	1.0054397897				
150002	1.0001948980				
150005	1.0052952454				
150006	1.0034643514				
150007	1.0001398335				
150008	1.0049304432				
150009	0.9940345593				
150010	1.0009933329				
150011	1.0018261832				
150012	0.9963541505				
150015	0.9945714380				
150017	0.9943580631				
150018	1.0030031864				
150021	0.9959549330				
150022	1.0035125329				
150023	1.0020877394				
150024	1.0039599318				
150026	1.0006698291				
150030	1.0100652060				
150034	1.0084408038				
150035	1.0014751471				
150037	1.0089329426				
150042	1.0042627864				
150044	0.9995203581				
150045	1.0081861306				
150046	0.9985498466				
150047	1.0005252848				
150048	1.0064103011				
150051	0.9998782772				
150056	0.9988871166				
150057	1.0071020486				
150058	0.9991073745				
150059	0.9999952892				
150061	1.0017780018				
150064	0.9936835232				
150065	1.0146424408				
150069	1.0121851884				
150072	1.0003807406				
150074	0.9984466007				
150075	1.0080897677				
150076	1.0030789001				
150082	0.9955144172				
150084	0.9943236478				
150086	0.9920935364				
150088	0.9979716696				
150089	1.0031339646				
150090	0.9948536434				
150091	1.0123297327				
150097	1.0082343120				
150100	1.0000778859				
150101	1.0142088081				
150102	1.0108361087				
150104	1.0083306748				
150109	0.9991693220				
150112	1.0007799581				
150113	1.0046620039				
150115	1.0115829207				
150125	1.0012480061				
150126	0.9952528609				
150128	0.9938280675				
150133	1.0010552805				
150146	1.0025970859				
150149	1.0054397897				
150150	0.9919971735				
150153	1.0084029470				
150157	1.0012480061				
150158	1.0103061131				
150161	1.0054397897				
150162	0.9964849286				
150165	0.9946712423				
150169	0.9910886096				
150173	0.9954111713				
150175	1.0026934487				
150176	0.9909130916				
150181	1.0183524102				
160001	1.0108842901				
160005	1.0080415863				
160008	0.9863599474				
160013	1.0038979842				
160016	1.0024525416				
160024	1.0105676693				
160028	1.0123159666				
160029	1.0141606266				
160030	0.9990798422				
160033	0.9977514117				
160040	0.9911780894				
160045	1.0046964192				
160047	1.0036088957				
160057	1.0067200388				
160058	0.9956520784				
160064	0.9970975210				
160069	1.0126119381				
160079	1.0125086922				
160080	1.0021152717				
160082	0.9969047953				
160083	0.9951220828				
160089	1.0056325153				
160104	1.0129079097				
160110	1.0033748717				
160112	1.0073911372				
160117	1.0072947743				
160122	1.0138715381				
160124	1.0123779141				
160146	0.9995754226				
160147	1.0166660605				
160153	0.9930846970				
170006	1.0010070990				
170009	1.0168106047				
170012	0.9970562226				
170013	0.9995134750				
170014	1.0128597283				
170016	0.9970011581				
170017	0.9987425723				
170020	0.9981162138				
170023	1.0046688869				
170027	1.0145460780				
170040	1.0047790159				
170049	0.9993345155				
170058	1.0065961437				
170068	0.9976343996				
170074	1.0020189089				
170086	0.9967809002				
170094	1.0241341805				
170103	1.0098242989				
170104	1.0053984913				
170105	1.0051025197				
170109	1.0168106047				
170120	1.0071261393				
170122	0.9973590772				
170123	0.9964298642				
170133	1.0008143734				
170137	1.0075597721				
170142	1.0011275526				
170145	0.9987425723				
170146	1.0081104169				
170150	1.0030789001				
170175	1.0121370070				
170176	1.0010896958				
170182	0.9949775385				
170185	1.0075115907				
170186	1.0153410714				
170191	1.0005252848				
170197	1.0046688869				
170200	1.0011998247				
180001	0.9922862620				
180002	1.0146424408				
180004	0.9996580193				
180005	0.9952735101				
180009	0.9984534838				
180010	0.9954180543				
180011	1.0064997809				
180012	1.0049097940				
180013	0.9958585702				
180017	0.9953698729				
180018	1.0021152717				
180019	1.0109565622				
180020	1.0086438541				
180021	1.0156542507				
180024	1.0065961437				
180025	1.0108361087				
180027	1.0020189089				
180035	0.9997750313				
180036	1.0045725241				
180038	0.9910266621				
180040	0.9951771472				
180043	1.0160397020				
180044	1.0020670903				
180045	1.0016816389				
180048	1.0015233285				
180049	1.0056084246				
180050	1.0078006792				
180051	0.9997268499				
180053	1.0089088519				
180056	0.9921898992				
180064	1.0017298203				
180066	1.0108361087				
180067	0.9968428478				
180069	1.0138233567				
180070	1.0079452235				
180078	1.0131969982				
180079	1.0085234005				
180080	0.9999677570				
180087	0.9989352980				
180088	0.9941033899				
180092	1.0102579316				
180093	0.9945576718				
180101	1.0038498028				
180102	0.9995685395				
180103	0.9986943909				
180104	0.9920109397				
180105	0.9911780894				
180106	0.9938762489				
180116	1.0006698291				
180124	1.0023561788				
180127	0.9984534838				
180128	1.0053916082				
180130	0.9942961156				
180132	0.9958035057				
180138	1.0116551928				
180139	1.0004289220				
180141	0.9906067954				
180143	1.0011722925				
190002	1.0012067078				
190004	1.0054122574				
190005	0.9995937774				
190006	1.0058252410				
190007	1.0149797108				
190008	1.0037947383				
190011	0.9959411669				
190013	1.0086679448				
190014	1.0053916082				
190015	0.9944131276				
190017	0.9956589614				
190019	0.9940001440				
190020	1.0048134312				
190025	1.0000434706				
190026	0.9951014336				
190027	0.9940689746				
190034	1.0068129601				
190036	0.9994171122				
190039	0.9939863779				
190040	1.0032509766				
190041	1.0004908695				
190044	1.0021152717				
190045	1.0056669306				
190046	1.0003807406				
190050	1.0079934049				
190053	1.0021875438				
190054	0.9966707713				
190060	0.9999608739				
190064	0.9945026074				
190065	0.9957690904				
190079	0.9990798422				
190081	0.9983089395				
190086	0.9915153593				
190088	1.0144978966				
190090	1.0067888694				
190098	0.9934013178				
190099	0.9929126205				
190102	0.9963335013				
190111	0.9992588018				
190114	0.9944544259				
190116	1.0005252848				
190118	0.9988871166				
190125	1.0014269657				
190128	0.9996580193				
190144	1.0047411591				
190146	1.0048753787				
190151	0.9990798422				
190160	1.0021565700				
190164	1.0026211766				
190167	1.0041870727				
190176	1.0000503537				
190177	1.0044348629				
190183	1.0090533961				
190184	1.0102579316				
190190	1.0304941280				
190201	1.0011034619				
190202	1.0000090553				
190204	0.9982607581				
190205	1.0078167397				
190236	0.9970631057				
190242	0.9984534838				
190263	1.0029343558				
190274	0.9979923188				
190308	1.0036570771				
190312	1.0089088519				
200001	1.0047652498				
200008	1.0087643076				
200009	0.9957759735				
200018	1.0135342682				
200019	0.9987150401				
200020	1.0126188212				
200021	1.0021152717				
200024	0.9930089833				
200031	1.0150278922				
200033	0.9923413265				
200034	0.9988389351				
200037	1.0072706836				
200039	1.0020395580				
200041	1.0068370508				
200050	1.0127633655				
200052	1.0259971954				
200063	1.0028861744				
220001	1.0019569613				
220002	1.0033542225				
220008	0.9928506730				
220010	0.9999471078				
220011	1.0054673219				
220012	1.0042352542				
220015	0.9940207932				
220016	1.0041629820				
220017	0.9953216915				
220019	1.0012961876				
220020	1.0094388475				
220024	1.0071261393				
220029	1.0007180105				
220030	1.0031913234				
220031	1.0015026794				
220033	1.0009864499				
220035	1.0070779579				
220036	1.0003807406				
220046	0.9963610336				
220049	1.0010070990				
220052	1.0067544541				
220060	1.0001604827				
220063	0.9975173876				
220065	1.0117997371				
220066	0.9941515713				
220070	1.0040494115				
220071	1.0066787405				
220073	0.9997062007				
220074	1.0032647427				
220077	0.9994033461				
220080	1.0006767122				
220083	1.0061143295				
220084	1.0039117503				
220086	1.0022322837				
220088	1.0146263804				
220090	1.0047308345				
220095	0.9997543821				
220098	1.0000434706				
220100	1.0048271973				
220101	1.0121094748				
220105	1.0135342682				
220108	1.0038979842				
220110	1.0065135470				
220111	1.0024800739				
220116	1.0021083886				
220119	1.0148833479				
220126	0.9943924784				
220135	1.0045587580				
220163	1.0027072148				
220171	1.0052952454				
220175	0.9993413985				
220176	0.9988595843				
220177	1.0223996494				
230002	1.0016816389				
230003	1.0211951139				
230005	1.0095833918				
230015	1.0081861306				
230017	1.0007248936				
230019	1.0038360367				
230020	1.0043797984				
230021	0.9984810160				
230022	0.9940207932				
230024	0.9990660761				
230029	1.0042765525				
230030	0.9933944347				
230031	1.0097038453				
230035	1.0144015337				
230036	0.9964780456				
230037	1.0061384202				
230038	1.0018812477				
230040	1.0089811240				
230041	0.9976481658				
230046	1.0038566859				
230047	0.9962233724				
230053	0.9979579035				
230054	0.9948811757				
230058	1.0059697853				
230059	1.0045243427				
230066	0.9961820740				
230069	1.0024846626				
230070	0.9979716696				
230072	1.0194605828				
230075	0.9932705396				
230077	1.0017780018				
230080	1.0069334137				
230081	1.0132210890				
230085	1.0089088519				
230089	1.0139885501				
230092	1.0050405722				
230093	1.0149797108				
230095	1.0065319018				
230096	0.9954180543				
230097	1.0057357612				
230099	0.9967602510				
230100	1.0027898116				
230104	1.0001604827				
230105	1.0106502661				
230108	1.0134379053				
230110	1.0025970859				
230117	1.0021015056				
230118	1.0174851446				
230121	1.0017780018				
230130	1.0026521504				
230132	0.9932911888				
230133	1.0139679010				
230141	0.9936491079				
230142	1.0054810880				
230146	0.9940345593				
230151	1.0028173438				
230156	1.0011585264				
230165	0.9914602949				
230167	1.0002430794				
230174	0.9914671779				
230176	1.0038291536				
230180	1.0092943032				
230193	1.0044279798				
230195	0.9970768718				
230197	0.9997199668				
230207	0.9997062007				
230208	0.9979234882				
230216	1.0046000563				
230217	1.0144015337				
230222	1.0111389633				
230227	1.0007455428				
230230	0.9967258357				
230236	0.9981299800				
230239	1.0162565184				
230241	1.0064034181				
230244	0.9925753506				
230254	0.9933462533				
230259	1.0180633216				
230269	1.0069402967				
230270	0.9986943909				
230273	0.9946471516				
230277	0.9984259515				
230297	1.0079452235				
230302	1.0025489045				
230303	1.0168106047				
240001	1.0006767122				
240002	1.0000572368				
240004	1.0039530487				
240006	1.0166660605				
240010	1.0129767403				
240014	1.0157987949				
240018	1.0172442375				
240019	1.0025489045				
240020	1.0121851884				
240022	1.0167142419				
240030	1.0021152717				
240036	1.0096315732				
240038	0.9971112871				
240040	1.0013925504				
240043	1.0098724803				
240044	1.0138474474				
240047	0.9994377614				
240050	1.0133415425				
240052	1.0065961437				
240053	1.0084958683				
240056	1.0049579755				
240057	1.0003050269				
240059	1.0188663453				
240063	1.0072706836				
240064	1.0135824496				
240066	1.0170033304				
240069	1.0143533523				
240071	1.0109324715				
240075	1.0197014899				
240076	1.0126188212				
240078	1.0034092870				
240080	0.9918388632				
240084	1.0103542945				
240088	1.0035607143				
240093	1.0018537154				
240100	1.0153169807				
240101	1.0170515118				
240104	1.0086197634				
240106	0.9964642795				
240115	1.0046964192				
240132	1.0093424847				
240141	1.0162966696				
240166	1.0094388475				
240187	1.0126188212				
240207	1.0058045918				
240210	1.0021152717				
240213	1.0137510846				
240214	1.0180633216				
250001	0.9934770314				
250002	1.0048616126				
250004	0.9995410073				
250006	1.0014407318				
250007	0.9980267341				
250009	1.0015508608				
250019	0.9979579035				
250020	0.9994652936				
250025	1.0026934487				
250031	0.9938900150				
250034	0.9929883342				
250036	1.0158469763				
250038	1.0080415863				
250040	0.9921692500				
250042	1.0062347831				
250043	1.0131488168				
250048	0.9996924346				
250049	1.0129560911				
250050	1.0102097502				
250057	1.0038016214				
250058	1.0076286027				
250061	1.0116070114				
250067	1.0012480061				
250069	0.9851072305				
250072	0.9951564981				
250077	0.9996098379				
250078	0.9954524696				
250082	0.9939932609				
250084	0.9991280237				
250085	0.9919489921				
250093	1.0069575044				
250094	0.9976894641				
250095	1.0143694128				
250096	0.9974898554				
250097	0.9992725679				
250099	0.9911780894				
250100	0.9982194597				
250102	1.0012893045				
250104	1.0002843777				
250117	1.0087161262				
250123	0.9994652936				
250124	1.0004289220				
250126	0.9942617003				
250128	0.9966948620				
250138	0.9963335013				
250141	0.9914671779				
250162	1.0133897239				
250167	1.0077524978				
250168	0.9952735101				
260001	0.9970562226				
260005	0.9955075341				
260006	1.0106709152				
260009	1.0135824496				
260011	1.0034850006				
260015	1.0072225022				
260017	0.9907238074				
260020	1.0048684957				
260022	1.0131006354				
260023	0.9948949418				
260024	1.0147869851				
260025	1.0025970859				
260027	0.9948467604				
260032	0.9979992018				
260034	1.0075597721				
260040	0.9962922030				
260047	1.0035607143				
260048	0.9921210686				
260050	1.0107397458				
260052	1.0091497590				
260057	0.9986221188				
260059	1.0064034181				
260061	1.0054397897				
260062	0.9999952892				
260064	1.0150278922				
260065	0.9976137505				
260068	0.9931535276				
260070	1.0018261832				
260074	1.0030628396				
260077	0.9991417898				
260078	1.0087643076				
260081	1.0035675973				
260085	1.0073670464				
260091	0.9978821898				
260094	1.0030031864				
260095	0.9966294729				
260096	1.0010277482				
260097	1.0117515557				
260102	1.0164893953				
260105	0.9876126643				
260108	1.0005803493				
260110	0.9955144172				
260113	1.0064034181				
260119	0.9940276762				
260137	0.9928988544				
260138	1.0034024039				
260141	0.9992450357				
260142	1.0095352103				
260162	1.0135824496				
260163	0.9973453111				
260176	0.9982366674				
260177	0.9948261112				
260179	1.0154752911				
260180	0.9966707713				
260183	0.9999677570				
260186	0.9982814073				
260190	1.0080897677				
260191	1.0078970421				
260193	1.0126910933				
260195	1.0053916082				
260200	0.9963954489				
260210	0.9981403046				
260214	0.9962371385				
260216	1.0084752191				
260219	1.0017298203				
270003	1.0128597283				
270004	1.0027622793				
270012	0.9970080412				
270014	1.0109875360				
270017	1.0072225022				
270023	1.0060661481				
270032	1.0074634093				
270049	0.9984672499				
270057	1.0065479623				
280003	0.9983364718				
280009	0.9994859428				
280013	1.0001535996				
280020	0.9977307625				
280023	0.9982469920				
280032	0.9931535276				
280040	1.0006009985				
280060	1.0006629460				
280061	0.9991762051				
280065	1.0008143734				
280077	0.9973934925				
280081	1.0015370947				
280105	0.9980519720				
280111	1.0003325592				
280125	0.9945026074				
280128	0.9979234882				
280130	0.9991624390				
280132	1.0042834356				
280134	0.9957553243				
290001	0.9896913484				
290003	0.9891682359				
290005	1.0022598159				
290007	0.9903245900				
290008	1.0106915644				
290009	1.0119649305				
290012	1.0012480061				
290019	1.0082136628				
290021	0.9928162577				
290022	0.9921898992				
290032	1.0010070990				
290039	1.0060179667				
290041	0.9990591931				
290045	0.9941171560				
290046	0.9938349505				
290047	0.9972420652				
290049	1.0078970421				
290053	1.0027278640				
290054	1.0025282553				
300001	0.9982263428				
300003	0.9959686991				
300005	1.0012961876				
300011	0.9990316608				
300012	0.9980198510				
300014	1.0072225022				
300017	1.0007661919				
300018	1.0056875798				
300019	1.0069334137				
300020	1.0025695536				
300023	1.0029550050				
300029	0.9969254445				
300034	0.9978340084				
310001	1.0022322837				
310002	0.9999058094				
310003	0.9998507450				
310005	1.0023974771				
310006	0.9945301396				
310008	1.0054879711				
310009	1.0018743646				
310010	1.0030031864				
310011	0.9952597440				
310012	1.0034092870				
310014	0.9914052304				
310015	1.0054673219				
310016	0.9979716696				
310017	0.9977514117				
310019	0.9964505133				
310021	0.9898290096				
310022	0.9952597440				
310024	0.9921417178				
310025	1.0010070990				
310027	0.9944268937				
310028	0.9972695975				
310029	0.9974279078				
310031	1.0050302476				
310032	0.9963954489				
310034	1.0017022881				
310038	0.9965881745				
310039	0.9975036215				
310040	0.9989628302				
310041	0.9883491517				
310044	0.9996855515				
310045	0.9983158226				
310047	1.0009245023				
310048	0.9936353418				
310050	1.0011585264				
310051	0.9966432390				
310052	0.9909578315				
310054	0.9981368630				
310057	0.9925478183				
310058	1.0055361525				
310060	1.0042352542				
310061	0.9937798861				
310064	1.0018537154				
310069	1.0108601994				
310070	1.0018193001				
310073	0.9980129679				
310074	1.0016885220				
310075	1.0064722487				
310076	1.0020670903				
310081	0.9933187210				
310083	1.0014166411				
310084	0.9953216915				
310086	1.0009245023				
310091	1.0030548094				
310092	1.0011998247				
310096	1.0079934049				
310108	0.9958310379				
310110	0.9987907537				
310111	0.9999884062				
310112	1.0003325592				
310113	0.9987838707				
310115	0.9947916959				
310118	1.0017780018				
310119	0.9945645549				
310130	0.9967912248				
320001	0.9900630337				
320002	0.9960168806				
320003	1.0116070114				
320004	0.9882872042				
320005	1.0044761613				
320006	1.0057288782				
320009	1.0008625548				
320011	1.0109324715				
320013	1.0170515118				
320016	1.0184487730				
320017	0.9969116784				
320018	1.0008006072				
320021	1.0015026794				
320022	1.0015370947				
320033	1.0018261832				
320038	1.0087643076				
320059	1.0115588300				
320061	1.0174851446				
320063	1.0055120618				
320065	1.0115106486				
320074	1.0109324715				
320085	0.9943649462				
320089	1.0029825372				
330003	0.9983571209				
330004	0.9984534838				
330005	0.9971870007				
330006	0.9970562226				
330008	1.0081861306				
330009	1.0022322837				
330011	1.0043591492				
330013	0.9963403844				
330014	0.9951771472				
330019	0.9983089395				
330023	0.9993413985				
330024	1.0008763209				
330027	0.9940689746				
330028	0.9951977964				
330030	1.0132451797				
330033	1.0116070114				
330043	0.9915841899				
330044	0.9887277200				
330045	0.9981024477				
330046	1.0060936804				
330047	1.0037052585				
330049	1.0017780018				
330055	0.9975518029				
330056	0.9984466007				
330057	0.9998094466				
330058	1.0119442813				
330059	1.0033542225				
330061	0.9963541505				
330065	0.9966707713				
330073	1.0153169807				
330074	1.0011034619				
330078	0.9938968981				
330079	1.0082343120				
330080	0.9978890729				
330084	1.0145942594				
330085	1.0081861306				
330086	0.9905999124				
330088	0.9950326030				
330090	0.9944681921				
330094	0.9971044040				
330096	1.0051507011				
330101	1.0048203143				
330102	0.9955144172				
330103	0.9976619319				
330104	0.9972627144				
330106	1.0043729154				
330107	0.9982745242				
330111	0.9904071867				
330115	1.0079693142				
330119	1.0047583667				
330125	1.0049786246				
330126	0.9982469920				
330127	0.9963747997				
330128	0.9926372981				
330132	1.0011998247				
330135	1.0120406442				
330136	1.0015990422				
330140	1.0054260235				
330141	0.9958998685				
330151	1.0011998247				
330153	1.0005459340				
330157	1.0011241111				
330158	1.0013719012				
330160	0.9906756260				
330162	1.0091497590				
330163	0.9900699167				
330164	1.0038498028				
330167	0.9958792194				
330169	1.0027278640				
330175	1.0170033304				
330180	1.0020189089				
330181	0.9925753506				
330182	1.0048134312				
330184	0.9958998685				
330185	1.0066443252				
330188	1.0021634531				
330191	0.9959274008				
330193	0.9972833636				
330194	1.0037878553				
330195	0.9974416740				
330196	0.9966225898				
330197	1.0124260955				
330198	0.9949981877				
330199	1.0053984913				
330201	0.9996098379				
330203	0.9961820740				
330204	0.9895881025				
330205	1.0030307187				
330208	1.0044555121				
330211	1.0006216477				
330214	1.0019294291				
330215	1.0013684597				
330218	1.0084270377				
330219	1.0000916521				
330221	0.9965606423				
330222	1.0044899274				
330223	1.0137912358				
330226	1.0051094028				
330229	1.0013443690				
330231	1.0001398335				
330232	0.9850751096				
330233	0.9916392544				
330234	0.9945026074				
330235	1.0007661919				
330236	1.0026659165				
330238	1.0049097940				
330239	0.9968153155				
330240	0.9931053462				
330241	0.9956314292				
330245	0.9889617441				
330246	0.9990798422				
330250	1.0029068236				
330259	0.9981024477				
330261	0.9985911450				
330264	0.9972695975				
330265	1.0057288782				
330267	0.9965124609				
330268	1.0075597721				
330270	1.0029343558				
330273	1.0013581351				
330276	1.0087161262				
330277	1.0124020048				
330279	0.9883078534				
330285	0.9997130838				
330286	0.9940827407				
330304	1.0005252848				
330307	1.0006904783				
330331	0.9970562226				
330332	0.9970080412				
330340	0.9948398773				
330350	0.9889066796				
330385	1.0131488168				
330386	1.0054879711				
330393	1.0000572368				
330394	0.9953216915				
330395	0.9880118818				
330396	0.9962371385				
330397	0.9930089833				
330399	1.0013306029				
330401	0.9993276324				
340001	0.9913776981				
340002	1.0015990422				
340003	1.0065238716				
340004	0.9955213002				
340008	1.0092943032				
340010	0.9995616564				
340014	0.9941240391				
340015	0.9926854795				
340016	1.0109324715				
340017	1.0011034619				
340020	1.0097761174				
340021	0.9954318205				
340023	1.0091015776				
340024	1.0120165535				
340027	0.9991417898				
340028	1.0039255165				
340030	1.0027140979				
340032	1.0034299361				
340037	1.0194605828				
340039	0.9994308783				
340041	0.9954662358				
340042	1.0044348629				
340047	1.0023561788				
340050	1.0035813635				
340051	1.0019707274				
340053	0.9973246619				
340060	1.0001880149				
340061	0.9998782772				
340064	1.0060661481				
340068	1.0072500344				
340069	0.9906343277				
340070	0.9991762051				
340071	0.9955625986				
340073	0.9957071429				
340075	1.0044348629				
340085	0.9886726556				
340087	1.0122333698				
340090	1.0063070552				
340091	1.0030307187				
340096	1.0020670903				
340097	1.0064997809				
340098	0.9990591931				
340099	1.0078488606				
340106	1.0143051709				
340107	1.0118960999				
340109	1.0068370508				
340113	0.9973453111				
340114	1.0002981439				
340115	1.0102097502				
340119	1.0051988826				
340120	1.0198942156				
340123	1.0057839427				
340126	0.9996993176				
340127	1.0035125329				
340129	1.0024525416				
340130	0.9916530205				
340131	1.0034092870				
340132	0.9992863340				
340133	1.0061143295				
340141	1.0017298203				
340142	1.0092323557				
340143	0.9928369068				
340144	1.0080415863				
340145	1.0078970421				
340147	0.9951496150				
340148	1.0227851008				
340151	1.0072225022				
340155	1.0053778421				
340158	1.0060902388				
340159	1.0031270815				
340166	1.0007661919				
340171	0.9995891887				
340173	0.9940207932				
340183	1.0012480061				
340184	0.9993207493				
340186	1.0033198072				
350002	1.0063827689				
350006	0.9939313134				
350011	0.9917493834				
350015	0.9994584105				
350019	0.9997406160				
350070	1.0037534400				
360001	1.0028517591				
360002	1.0067888694				
360003	0.9968359647				
360006	0.9936146926				
360008	0.9944681921				
360009	0.9972971297				
360010	1.0062106924				
360011	1.0029205897				
360012	1.0034643514				
360013	1.0029825372				
360014	1.0112697415				
360016	1.0126670026				
360017	0.9938555997				
360020	0.9954111713				
360025	1.0011998247				
360026	1.0014889132				
360027	0.9994446444				
360029	0.9972007669				
360032	1.0116551928				
360035	0.9950945505				
360036	1.0049097940				
360037	0.9997062007				
360039	0.9983295887				
360040	1.0008866455				
360041	1.0016334575				
360044	1.0017298203				
360046	1.0071743208				
360048	0.9932980719				
360051	1.0017711187				
360052	0.9983227056				
360054	1.0026452673				
360055	0.9991004914				
360056	1.0072431514				
360058	1.0039461656				
360059	0.9973315450				
360064	0.9918526293				
360065	1.0122815513				
360066	1.0055430356				
360068	1.0020877394				
360070	0.9978133592				
360072	0.9963541505				
360074	1.0032440935				
360075	1.0080174956				
360076	1.0002086641				
360077	1.0066374421				
360078	0.9919902905				
360079	0.9993207493				
360080	0.9977066718				
360081	1.0027760454				
360082	1.0013925504				
360084	0.9962646707				
360085	1.0008625548				
360086	1.0004977526				
360087	1.0029343558				
360089	1.0116551928				
360090	1.0004564542				
360091	1.0005665832				
360092	1.0039943471				
360095	1.0057495274				
360096	1.0171478747				
360098	1.0047927820				
360107	1.0088606705				
360109	1.0117997371				
360112	0.9966294729				
360118	0.9975724521				
360121	0.9950807844				
360123	1.0067269219				
360125	1.0030307187				
360131	0.9989352980				
360132	1.0048616126				
360133	1.0033266902				
360134	1.0016885220				
360137	1.0015508608				
360141	0.9990523100				
360143	1.0024043602				
360144	1.0070297765				
360145	1.0028792913				
360147	0.9947159822				
360148	1.0146906223				
360150	1.0066443252				
360151	1.0019707274				
360152	1.0027898116				
360155	1.0122746682				
360156	1.0033198072				
360159	0.9950257199				
360161	0.9942548172				
360163	1.0015508608				
360170	1.0082824934				
360172	1.0087023601				
360174	0.9989352980				
360175	0.9992243865				
360179	0.9930984631				
360180	1.0098242989				
360185	0.9968910292				
360189	1.0003807406				
360192	1.0071674377				
360197	0.9979234882				
360203	1.0082205459				
360210	1.0027657209				
360211	0.9977651778				
360218	1.0038498028				
360230	1.0046964192				
360234	1.0063690028				
360236	1.0026452673				
360239	1.0032716258				
360259	1.0093424847				
360262	1.0106433830				
360270	1.0069815951				
360276	0.9985154313				
360348	1.0024766323				
360352	1.0140482033				
360354	1.0008556717				
360355	1.0128918493				
360359	1.0081861306				
360360	0.9984328346				
370001	0.9951564981				
370002	0.9979234882				
370004	1.0076079535				
370006	1.0057770596				
370008	0.9940414423				
370013	0.9927405440				
370014	0.9993689308				
370015	1.0121851884				
370016	1.0114142857				
370018	0.9984534838				
370019	1.0098242989				
370020	0.9974416740				
370022	1.0080897677				
370023	1.0077524978				
370025	0.9941240391				
370026	1.0095352103				
370028	0.9924376894				
370029	1.0144978966				
370032	0.9985980280				
370034	0.9984053024				
370037	0.9949637724				
370039	1.0029825372				
370047	0.9951289658				
370048	1.0063070552				
370049	1.0036088957				
370054	1.0164251534				
370056	0.9992381526				
370078	0.9913639320				
370089	0.9980680324				
370091	0.9999058094				
370093	0.9919834074				
370094	1.0024387755				
370097	0.9950532522				
370099	1.0013443690				
370100	0.9863599474				
370106	0.9929883342				
370113	1.0086197634				
370114	0.9917080850				
370149	1.0041388913				
370153	0.9996580193				
370156	1.0062106924				
370166	0.9981162138				
370172	1.0218857143				
370173	1.0180954426				
370178	1.0214842025				
370180	1.0131488168				
370190	1.0127633655				
370202	1.0044555121				
370210	1.0170675723				
370211	1.0026934487				
370215	1.0122333698				
370218	1.0069334137				
370227	1.0132933611				
370228	1.0170033304				
370229	0.9986943909				
370234	1.0069093230				
370235	1.0110288344				
370236	1.0000434706				
380001	1.0074634093				
380002	1.0099206617				
380004	1.0049373263				
380005	1.0168106047				
380007	0.9906136785				
380009	1.0003463253				
380014	1.0008694378				
380017	1.0048134312				
380018	1.0018743646				
380020	1.0066030268				
380021	1.0029825372				
380022	1.0019707274				
380025	1.0059353700				
380027	1.0081379492				
380029	1.0091015776				
380033	1.0042834356				
380037	1.0110770158				
380038	1.0141124452				
380040	1.0112215600				
380047	1.0017229373				
380050	1.0089088519				
380051	1.0026727995				
380052	1.0039220749				
380056	0.9974095530				
380060	1.0139403687				
380061	1.0063621197				
380071	1.0179669588				
380075	1.0026039689				
380082	1.0040907099				
380089	1.0059697853				
380090	1.0058734224				
380091	1.0025764367				
380102	1.0018055340				
380103	1.0237487292				
390001	0.9930089833				
390002	0.9991280237				
390003	1.0084270377				
390004	0.9938005352				
390006	0.9953492237				
390008	1.0015852761				
390009	0.9904071867				
390012	1.0049097940				
390013	1.0061625110				
390016	1.0045725241				
390026	0.9906962752				
390027	0.9981506291				
390028	0.9952597440				
390030	1.0013925504				
390031	0.9955625986				
390032	0.9914189965				
390035	1.0033198072				
390036	0.9966088237				
390037	1.0013719012				
390039	1.0000916521				
390041	0.9980542663				
390042	0.9985842619				
390044	0.9979166051				
390045	0.9985498466				
390046	0.9940345593				
390048	1.0021634531				
390049	0.9990591931				
390050	0.9896844654				
390052	0.9985016652				
390056	0.9994171122				
390057	1.0016954050				
390058	1.0005252848				
390061	1.0013443690				
390062	1.0033198072				
390063	0.9919421091				
390065	1.0058011503				
390066	0.9923206773				
390067	1.0009795668				
390068	0.9926476227				
390070	1.0020429996				
390071	1.0008625548				
390072	0.9964780456				
390073	0.9931535276				
390076	0.9991280237				
390079	1.0026659165				
390080	1.0028861744				
390081	0.9975931013				
390084	1.0044761613				
390086	0.9975655690				
390090	1.0004220389				
390091	1.0091979404				
390093	0.9908568799				
390096	0.9945507888				
390097	0.9990867253				
390100	1.0033129241				
390101	0.9970562226				
390102	0.9961407756				
390104	1.0046688869				
390107	0.9919008107				
390110	0.9965331101				
390111	1.0059284869				
390112	1.0155578878				
390113	1.0068026355				
390114	1.0036088957				
390115	0.9975862182				
390116	0.9958998685				
390117	1.0018743646				
390118	0.9980198510				
390119	0.9949018248				
390123	0.9947228653				
390125	0.9971525855				
390127	0.9979854357				
390130	0.9998507450				
390133	0.9958792194				
390137	0.9959480500				
390138	1.0146424408				
390139	1.0096797546				
390142	0.9955419494				
390145	0.9978477745				
390146	1.0052952454				
390147	1.0028861744				
390150	0.9923344435				
390151	1.0031890290				
390153	1.0038773350				
390156	0.9943580631				
390157	0.9995134750				
390160	0.9948398773				
390162	0.9990316608				
390163	1.0057701765				
390164	0.9972007669				
390168	0.9948949418				
390173	1.0055361525				
390174	1.0033060411				
390178	1.0065617284				
390179	1.0111527294				
390180	0.9935183298				
390183	1.0094870289				
390184	0.9973453111				
390185	1.0006354138				
390192	1.0027416301				
390194	0.9941974584				
390195	1.0029481219				
390197	1.0012961876				
390198	0.9996580193				
390199	1.0054397897				
390201	0.9996236040				
390203	1.0029550050				
390204	0.9967671341				
390211	1.0032647427				
390217	0.9998025635				
390219	1.0012480061				
390220	0.9930089833				
390222	1.0041388913				
390223	1.0021152717				
390225	1.0013099537				
390226	0.9967946663				
390228	1.0035056498				
390231	0.9984053024				
390233	0.9984053024				
390236	1.0000434706				
390237	0.9935871604				
390256	0.9996993176				
390258	1.0006698291				
390263	1.0005734663				
390265	0.9934632653				
390266	0.9967671341				
390267	0.9894573244				
390268	1.0004908695				
390270	0.9960581789				
390290	0.9970837549				
390304	1.0092461218				
390312	1.0089088519				
390326	1.0108361087				
390328	1.0011516433				
390329	0.9983089395				
410001	1.0060661481				
410004	1.0050543383				
410005	1.0046207055				
410006	1.0038979842				
410007	0.9930089833				
410008	1.0207132997				
410009	0.9986599756				
410010	0.9947756354				
410011	1.0031477307				
410012	1.0089570333				
410013	1.0013443690				
420002	0.9906136785				
420004	0.9981575122				
420005	1.0129560911				
420007	0.9948880587				
420009	0.9958998685				
420010	1.0066443252				
420015	1.0047652498				
420018	0.9961751909				
420019	0.9882872042				
420020	1.0087883983				
420023	1.0020051427				
420026	1.0065479623				
420027	0.9964573964				
420030	1.0013925504				
420033	1.0172201468				
420036	1.0040425285				
420037	1.0011998247				
420038	1.0015370947				
420043	0.9971284947				
420048	1.0017780018				
420049	1.0001742488				
420051	1.0001742488				
420053	1.0128838190				
420055	1.0050784290				
420065	1.0032922749				
420067	1.0043453831				
420068	0.9987563384				
420070	1.0008074903				
420071	1.0015990422				
420072	1.0096797546				
420073	1.0041939558				
420078	0.9951358489				
420079	0.9904897834				
420080	1.0005528171				
420082	0.9931328784				
420083	0.9964298642				
420085	0.9982056936				
420086	0.9947503975				
420087	0.9996580193				
420089	1.0052952454				
420091	1.0109324715				
420098	1.0049442093				
420101	0.9974898554				
420103	1.0038979842				
420104	1.0134860868				
420105	1.0097279360				
420106	1.0008350225				
420107	1.0215323839				
430005	1.0036811678				
430008	1.0196051271				
430012	1.0071261393				
430013	1.0023561788				
430014	1.0107879273				
430015	1.0170033304				
430016	0.9992725679				
430027	0.9999195756				
430048	1.0139679010				
430077	0.9954868849				
430095	1.0067406880				
430097	1.0125706398				
440002	0.9942410511				
440003	0.9956589614				
440006	0.9889617441				
440007	0.9959962314				
440009	1.0045725241				
440010	1.0056325153				
440011	0.9981024477				
440012	1.0015095624				
440015	1.0000297045				
440017	0.9955625986				
440018	1.0007180105				
440020	0.9954180543				
440025	1.0002361963				
440029	1.0020326750				
440030	1.0013512520				
440031	1.0087643076				
440032	1.0119924627				
440033	0.9967671341				
440034	0.9983227056				
440035	0.9921004194				
440039	1.0017711187				
440046	1.0045725241				
440048	0.9976825811				
440049	0.9945645549				
440050	1.0063070552				
440053	0.9925478183				
440056	1.0013925504				
440057	0.9967671341				
440058	0.9991280237				
440059	0.9999471078				
440061	1.0004289220				
440063	0.9925340522				
440065	1.0073670464				
440067	0.9907926380				
440068	1.0018743646				
440072	0.9988630259				
440073	0.9996855515				
440081	1.0063552366				
440082	0.9938280675				
440083	0.9967671341				
440084	1.0005975570				
440091	1.0068370508				
440102	0.9957553243				
440104	0.9890512239				
440109	0.9998989264				
440110	1.0051025197				
440111	1.0070641918				
440120	0.9879499343				
440125	1.0033129241				
440130	1.0034161700				
440131	1.0029343558				
440132	1.0071261393				
440133	0.9940001440				
440137	0.9977307625				
440144	0.9960099975				
440148	0.9961889571				
440150	0.9945094904				
440151	0.9995134750				
440152	0.9888653812				
440153	1.0018261832				
440156	0.9917425003				
440159	1.0035125329				
440161	0.9980542663				
440173	1.0008006072				
440175	0.9981162138				
440176	1.0012548892				
440180	1.0079934049				
440182	0.9998989264				
440183	0.9921692500				
440184	1.0130524540				
440185	0.9918526293				
440187	0.9947916959				
440189	0.9989834794				
440193	0.9943098817				
440194	0.9962371385				
440197	1.0021634531				
440227	0.9987907537				
440228	0.9961476587				
450002	0.9901318643				
450007	1.0000434706				
450010	1.0005665832				
450011	0.9953216915				
450015	1.0055155033				
450018	0.9998438619				
450021	0.9970218073				
450023	1.0027622793				
450024	0.9903383561				
450028	0.9994997089				
450029	0.9923757418				
450032	1.0010070990				
450033	0.9987081570				
450034	0.9972076499				
450035	0.9956176631				
450039	0.9974485570				
450040	0.9993069832				
450042	0.9902901747				
450044	1.0096384562				
450046	0.9926372981				
450051	0.9940139101				
450054	1.0033679886				
450055	1.0102097502				
450056	1.0008006072				
450058	0.9931259954				
450064	0.9941171560				
450068	0.9967533680				
450072	1.0078970421				
450079	1.0011860586				
450080	1.0005252848				
450082	1.0041388913				
450083	0.9901043320				
450087	0.9997062007				
450090	0.9973453111				
450092	0.9985498466				
450097	0.9971319363				
450099	1.0118479185				
450101	0.9949706554				
450102	0.9982263428				
450104	0.9986462095				
450107	0.9938624828				
450108	0.9936835232				
450119	1.0027278640				
450124	0.9908408195				
450128	1.0090052147				
450130	1.0022598159				
450132	0.9884868129				
450133	0.9924583385				
450135	0.9955144172				
450137	1.0043040848				
450144	1.0301086766				
450147	0.9979372543				
450148	1.0034643514				
450154	1.0078970421				
450163	1.0022598159				
450165	0.9940930653				
450176	1.0062106924				
450184	1.0065617284				
450187	1.0011034619				
450192	1.0087643076				
450193	0.9980198510				
450194	1.0030789001				
450196	0.9934770314				
450200	1.0025351383				
450203	1.0032922749				
450209	0.9929608019				
450211	0.9974898554				
450213	0.9908545856				
450222	0.9953079254				
450229	0.9967877833				
450231	1.0010002160				
450235	0.9957392638				
450236	0.9916599036				
450237	0.9986324433				
450271	0.9922656129				
450272	1.0012755384				
450280	0.9948398773				
450289	0.9953148084				
450292	1.0036570771				
450299	0.9992002958				
450324	0.9978546576				
450330	0.9990316608				
450340	1.0028517591				
450347	0.9954937680				
450351	1.0042352542				
450352	1.0002086641				
450358	1.0058734224				
450369	1.0033198072				
450370	1.0075597721				
450372	1.0027485132				
450379	0.9999471078				
450388	0.9960237636				
450389	0.9999471078				
450395	0.9948880587				
450399	1.0134057844				
450403	0.9998782772				
450419	0.9986943909				
450424	0.9951564981				
450431	1.0071399055				
450447	0.9884558392				
450462	0.9949706554				
450465	0.9943098817				
450469	0.9983502379				
450475	1.0025970859				
450484	1.0008625548				
450508	0.9955625986				
450518	0.9965537592				
450537	1.0008350225				
450539	1.0035607143				
450558	0.9975449199				
450563	1.0013306029				
450565	0.9954180543				
450571	0.9996924346				
450573	1.0006698291				
450580	0.9986301490				
450587	0.9948880587				
450596	0.9971284947				
450597	1.0045243427				
450604	1.0145460780				
450610	1.0024043602				
450617	1.0019431952				
450634	1.0038498028				
450638	0.9947435145				
450639	0.9956176631				
450643	0.9981024477				
450644	0.9971663516				
450647	0.9990523100				
450651	0.9933324872				
450653	1.0033679886				
450654	1.0095512708				
450656	0.9989834794				
450659	1.0024043602				
450661	0.9908614686				
450662	0.9972971297				
450668	0.9929608019				
450669	1.0029550050				
450670	1.0038085044				
450672	1.0031270815				
450674	0.9981162138				
450675	0.9912606861				
450677	1.0007524258				
450678	0.9964918117				
450684	0.9978340084				
450686	0.9986324433				
450688	0.9996580193				
450690	1.0064034181				
450697	0.9962233724				
450702	1.0044968104				
450709	1.0042352542				
450711	1.0081035339				
450713	0.9974003756				
450716	0.9950945505				
450718	0.9982538750				
450723	0.9939381964				
450730	0.9916254883				
450742	0.9988595843				
450743	0.9945163735				
450747	0.9987425723				
450754	1.0052470640				
450755	1.0056806968				
450766	1.0017780018				
450771	0.9977307625				
450775	0.9967189527				
450779	1.0042765525				
450788	0.9965950576				
450801	1.0095971579				
450809	1.0010002160				
450820	1.0071536716				
450822	1.0048616126				
450828	1.0091497590				
450833	1.0013925504				
450840	0.9936835232				
450844	1.0105676693				
450847	1.0037121416				
450848	0.9989490641				
450851	1.0067888694				
450853	1.0084270377				
450855	1.0105952016				
450862	0.9913363998				
450867	1.0058734224				
450869	1.0043797984				
450876	1.0058493317				
450885	0.9985980280				
450890	0.9976825811				
450891	1.0177742331				
460001	1.0003945067				
460003	1.0031270815				
460004	0.9940483254				
460005	0.9911230249				
460006	0.9970768718				
460007	1.0131006354				
460009	0.9966638882				
460010	0.9928506730				
460011	1.0007180105				
460013	1.0005734663				
460014	0.9979716696				
460015	1.0074875000				
460017	0.9970241017				
460019	1.0058252410				
460021	1.0011791755				
460023	0.9932257997				
460026	0.9978753067				
460030	1.0058734224				
460041	0.9889617441				
460042	1.0025970859				
460044	1.0015370947				
460047	0.9935733943				
460051	0.9929470358				
460052	0.9976343996				
460057	1.0073028046				
460058	0.9964780456				
460060	1.0053755478				
470001	1.0028861744				
470003	0.9950532522				
470005	1.0024318924				
470011	1.0104024759				
470012	1.0084029470				
470024	1.0078488606				
490001	1.0100411152				
490002	1.0031270815				
490004	1.0075804213				
490005	0.9974967384				
490007	0.9987976368				
490009	0.9968290816				
490011	0.9993207493				
490013	1.0087402169				
490017	1.0013030706				
490018	1.0040012301				
490019	1.0061866017				
490020	0.9949362401				
490021	1.0074565262				
490022	0.9971594685				
490023	0.9956589614				
490024	0.9978821898				
490032	0.9969529767				
490033	1.0081861306				
490037	1.0112697415				
490038	1.0101294479				
490040	1.0008212564				
490041	1.0103680606				
490042	1.0100032584				
490043	1.0044830443				
490044	1.0102854639				
490045	0.9924445724				
490046	1.0091566420				
490048	0.9957966226				
490050	1.0064584825				
490052	1.0008900870				
490053	1.0013856673				
490057	1.0043797984				
490059	0.9993620477				
490060	1.0127151840				
490063	0.9989490641				
490066	1.0185038375				
490067	0.9926992456				
490069	0.9987701045				
490075	0.9938555997				
490077	1.0075115907				
490079	0.9998507450				
490084	1.0077524978				
490088	1.0077524978				
490089	1.0027416301				
490090	1.0092943032				
490092	1.0110770158				
490093	0.9969598598				
490097	0.9982446976				
490098	0.9990075701				
490101	1.0063208213				
490107	0.9988871166				
490110	0.9977789439				
490111	0.9978753067				
490112	0.9958585702				
490113	1.0042627864				
490114	1.0045966148				
490115	1.0015370947				
490116	1.0006858896				
490117	0.9942617003				
490118	0.9967396019				
490119	1.0087367754				
490120	0.9951151997				
490122	1.0063552366				
490126	1.0011034619				
490127	1.0002361963				
490130	1.0092943032				
490136	0.9993207493				
490140	1.0114142857				
490141	0.9942617003				
490143	1.0078809816				
490144	0.9993689308				
500001	1.0064928978				
500002	1.0071743208				
500003	1.0030100695				
500005	1.0067888694				
500007	1.0007661919				
500008	1.0028517591				
500011	0.9937936522				
500012	1.0081138585				
500014	1.0006491799				
500015	0.9953148084				
500016	1.0082824934				
500019	1.0171960561				
500021	0.9988389351				
500024	0.9998782772				
500025	1.0002361963				
500026	1.0010965788				
500027	0.9989972455				
500030	0.9966914204				
500031	0.9963094106				
500033	1.0104506573				
500036	0.9994859428				
500037	1.0125224584				
500039	0.9947641636				
500041	1.0018881307				
500044	0.9923344435				
500049	1.0124742769				
500050	0.9978684237				
500051	1.0086954770				
500053	0.9998713941				
500054	0.9932223582				
500058	0.9993551646				
500060	1.0059697853				
500064	0.9958998685				
500072	1.0024043602				
500077	0.9924376894				
500079	1.0015233285				
500084	0.9981162138				
500088	1.0071812038				
500108	0.9991211406				
500119	0.9956107800				
500124	1.0023011143				
500129	1.0022598159				
500139	1.0101133874				
500141	0.9991899712				
500150	1.0100239076				
500151	1.0050061569				
500152	1.0011757340				
510001	0.9919283429				
510002	1.0004771034				
510006	1.0007799581				
510007	1.0004564542				
510008	0.9973453111				
510013	0.9981804557				
510022	0.9962715538				
510023	0.9992863340				
510024	1.0031959121				
510029	1.0059422530				
510030	1.0121129163				
510038	1.0083306748				
510039	0.9962646707				
510046	0.9916736697				
510047	1.0013925504				
510048	1.0076561350				
510050	0.9957415582				
510055	0.9950394860				
510058	1.0018743646				
510062	1.0141124452				
510070	0.9972627144				
510071	0.9990316608				
510077	1.0106433830				
510082	1.0014648225				
510086	1.0172602980				
520002	1.0202555762				
520004	1.0034092870				
520008	0.9971663516				
520009	1.0064309503				
520011	1.0107879273				
520013	1.0022322837				
520017	1.0128115469				
520019	1.0153410714				
520021	0.9918319801				
520027	0.9983089395				
520028	1.0045484334				
520030	1.0073257481				
520033	1.0065961437				
520034	1.0201351227				
520035	1.0161601556				
520037	0.9973521942				
520038	1.0135342682				
520041	1.0032234443				
520044	1.0102820223				
520045	1.0003807406				
520048	1.0026452673				
520049	1.0041182421				
520051	1.0005390510				
520057	1.0146424408				
520059	1.0062588738				
520062	1.0009830083				
520063	1.0087643076				
520066	1.0038016214				
520070	1.0042696695				
520071	1.0127392748				
520075	0.9969873920				
520076	1.0094870289				
520078	1.0026659165				
520083	1.0064034181				
520087	1.0071330224				
520088	0.9992037373				
520089	1.0126876518				
520091	1.0172442375				
520095	1.0147869851				
520096	0.9881426599				
520097	1.0083788563				
520098	1.0037534400				
520100	1.0007661919				
520102	1.0006457384				
520103	1.0011998247				
520107	1.0008143734				
520109	1.0054397897				
520113	1.0083306748				
520116	1.0073670464				
520136	0.9981024477				
520138	1.0024800739				
520139	1.0004358051				
520160	0.9945507888				
520177	0.9999677570				
520189	1.0053916082				
520193	1.0048753787				
520198	1.0135824496				
520202	1.0070091273				
520204	1.0044761613				
520206	1.0037052585				
520207	1.0101546857				
520208	1.0102097502				
530002	0.9994652936				
530006	1.0012480061				
530008	1.0168587861				
530011	1.0009107362				
530012	0.9973728434				
530014	0.9928369068				
530015	1.0130524540				
530025	1.0037534400				
670004	1.0035125329				
670023	0.9942341680				
670024	1.0009107362				
670025	1.0061143295				
670031	1.0025970859				
670034	1.0072225022				
670041	1.0027622793				
670043	0.9994171122				
670044	0.9999952892				
670047	0.9896225178				
670055	1.0034918837				
670056	1.0006354138				
670060	1.0038498028				
670061	1.0157827344				
670068	1.0020670903				
670071	1.0075356814				
670073	1.0092300613				
670075	1.0021634531				
670077	1.0009589176				
670080	1.0068370508				
670082	1.0016885220				
670085	1.0075597721				
670088	1.0130042726				
670096	1.0031270815				
670098	1.0025007230				
670103	1.0034482910				
670106	0.9954822962				
670108	1.0082664330				
"*The value-based incentive payment adjustment factors in this file are the actual payment adjustment factors that are used to adjust payments under the Hospital Value-Based Purchasing (VBP) Program for FY 2018. The slope of the linear exchange function used to calculate these factors was 2.8908851882, and the estimated amount available for value-based incentive payments to hospitals for FY 2018 is $1.9 billion. The factors in Table 16A, posted previously with the IPPS Final Rule, were proxy value-based incentive payment adjustment factors, calculated using historical baseline and performance periods."					
