TABLE 16A.—UPDATED PROXY HOSPITAL VALUE-BASED PURCHASING (VBP) PROGRAM ADJUSTMENT FACTORS FOR FY 2019*					
CMS Certification Number (CCN)	Proxy FY 2019 Hospital VBP Adjustment Factor				
010001	1.0005372848				
010005	0.9993680489				
010006	0.9931160757				
010007	0.9959199493				
010011	0.9965412491				
010012	0.9996190907				
010016	0.9953307461				
010019	0.9981919351				
010021	1.0009912234				
010022	0.9998357432				
010023	0.9968713863				
010024	0.9944435024				
010029	1.0017546657				
010033	1.0097604927				
010034	1.0137015055				
010035	1.0010943913				
010036	1.0093684548				
010038	1.0046020990				
010039	0.9953582575				
010040	0.9955370818				
010044	1.0227527670				
010045	1.0154347258				
010046	1.0072982195				
010049	0.9988487706				
010055	0.9983019808				
010056	0.9985289502				
010059	0.9973322028				
010061	0.9975488554				
010062	0.9936731822				
010065	1.0033262563				
010069	1.0090795847				
010073	0.9917473819				
010078	0.9964793484				
010079	0.9947323724				
010083	1.0046639997				
010085	0.9966719284				
010086	0.9981025230				
010087	1.0011196101				
010089	0.9994024382				
010090	0.9936456708				
010091	1.0156273058				
010092	0.9881296285				
010097	1.0033021838				
010099	0.9967544627				
010100	1.0070574944				
010101	1.0013282385				
010103	0.9932398772				
010104	1.0030614588				
010108	1.0092721648				
010112	0.9834664406				
010113	1.0030201916				
010114	1.0000352011				
010118	1.0041687939				
010120	1.0068167694				
010125	0.9990654231				
010126	1.0033984738				
010128	1.0017615436				
010129	1.0076593070				
010130	1.0102350649				
010131	0.9969401649				
010139	0.9964174477				
010144	0.9969057756				
010148	1.0048428241				
010149	1.0013351163				
010150	0.9955989825				
010157	0.9908326268				
010158	1.0031096038				
010164	0.9943953573				
010169	1.0146644057				
020001	1.0007229870				
020006	1.0136396048				
020008	1.0116794152				
020012	1.0176493961				
020017	1.0056337778				
020024	1.0012800935				
020026	1.0009912234				
030001	1.0021467036				
030002	0.9998907661				
030006	0.9920293741				
030007	1.0001246133				
030010	0.9942990673				
030011	0.9946773495				
030012	0.9924970685				
030013	0.9958190740				
030014	0.9932398772				
030016	1.0023530394				
030022	0.9890787729				
030023	1.0056131442				
030024	0.9968576306				
030030	0.9973253250				
030033	1.0131719104				
030036	0.9955577154				
030037	0.9917198705				
030038	0.9914241226				
030043	0.9958328297				
030055	0.9983501259				
030061	1.0054205641				
030062	1.0082129746				
030064	0.9976967293				
030065	1.0003240712				
030068	1.0122250586				
030069	1.0036735881				
030071	1.0160124659				
030073	1.0140144480				
030078	1.0216614801				
030083	0.9988040645				
030084	1.0176814928				
030085	0.9911490082				
030087	0.9975660500				
030088	1.0029032680				
030089	1.0001658804				
030092	0.9915066569				
030093	0.9995950182				
030094	0.9955370818				
030101	1.0045539540				
030103	1.0198159215				
030105	1.0068649144				
030110	1.0055581213				
030111	1.0044095190				
030114	1.0001246133				
030115	1.0055168542				
030117	1.0140385206				
030119	1.0012044370				
030121	0.9955370818				
030122	1.0010875134				
030123	1.0067686244				
030130	1.0119923577				
040001	0.9987284081				
040002	1.0049872591				
040004	0.9926621371				
040007	0.9895258337				
040010	1.0007367427				
040011	1.0213405134				
040014	1.0020229022				
040015	1.0029651687				
040016	0.9998976440				
040017	1.0076593070				
040019	1.0068649144				
040020	0.9949249524				
040022	0.9948492960				
040026	0.9915685576				
040027	0.9932054879				
040029	1.0020985586				
040036	0.9928684728				
040039	0.9962970852				
040041	0.9996431632				
040050	1.0028207337				
040051	1.0125460253				
040055	0.9917267483				
040062	0.9961904784				
040067	0.9988246981				
040069	1.0020504136				
040071	0.9919605955				
040072	1.0160606109				
040076	1.0077315245				
040078	0.9956952726				
040084	0.9908670161				
040085	1.0185641513				
040088	0.9994987282				
040114	0.9896633909				
040118	1.0023392836				
040119	1.0014382842				
040134	1.0158680309				
040137	0.9935287472				
040153	0.9963693027				
050002	0.9988246981				
050006	0.9980887672				
050007	1.0091277298				
050008	0.9981988130				
050009	0.9997738425				
050013	1.0007986434				
050014	1.0002209033				
050017	1.0031508709				
050018	0.9990654231				
050022	0.9942165330				
050025	0.9993749267				
050026	0.9948149067				
050030	1.0190456014				
050036	0.9910871075				
050038	0.9956264940				
050039	0.9983845151				
050040	1.0093271876				
050042	0.9994987282				
050043	0.9978136529				
050045	1.0055168542				
050047	1.0060120600				
050054	0.9939620523				
050055	1.0052761291				
050056	0.9903099095				
050057	0.9947323724				
050058	1.0010256127				
050060	0.9925245799				
050063	1.0003653383				
050067	1.0002209033				
050069	0.9955577154				
050070	1.0137015055				
050071	1.0090520733				
050072	1.0096023020				
050073	1.0133232233				
050075	0.9996637968				
050076	1.0079241046				
050077	0.9996156518				
050078	1.0013763835				
050082	1.0013557499				
050084	1.0018234443				
050089	0.9932398772				
050090	1.0022429936				
050091	1.0002209033				
050093	0.9903374210				
050099	0.9988934767				
050100	0.9972840578				
050101	0.9945879374				
050102	0.9947254945				
050103	1.0007780098				
050104	1.0009705899				
050107	1.0069818380				
050108	0.9975798057				
050110	1.0052520566				
050112	1.0056612892				
050113	0.9898215816				
050115	0.9966306613				
050116	0.9944847695				
050118	1.0020504136				
050121	0.9989072324				
050122	0.9982951030				
050124	0.9968988978				
050125	1.0028138559				
050126	1.0050904270				
050127	0.9987284081				
050128	0.9943540902				
050129	0.9936800601				
050131	1.0031096038				
050132	1.0051316941				
050133	0.9924145342				
050136	1.0022911386				
050137	1.0186810749				
050138	1.0023943065				
050139	1.0092721648				
050140	1.0041550382				
050145	1.0060670828				
050149	1.0021191922				
050150	1.0044576640				
050152	0.9983913930				
050153	0.9951587996				
050158	1.0054847575				
050159	0.9956264940				
050167	0.9948149067				
050168	0.9999664225				
050169	1.0065278993				
050174	0.9966169056				
050179	1.0010600020				
050180	1.0000145676				
050189	1.0121608652				
050191	0.9963830584				
050192	1.0143434389				
050194	0.9998357432				
050195	1.0071881737				
050197	1.0073463645				
050204	0.9967063177				
050211	0.9989932056				
050222	1.0051935948				
050224	1.0009637120				
050225	1.0109090950				
050226	1.0019334900				
050228	0.9967682185				
050230	1.0030133138				
050231	0.9925314578				
050232	1.0066241893				
050234	1.0119682852				
050235	0.9910045732				
050236	1.0008467884				
050238	1.0053792970				
050239	1.0018991007				
050242	0.9943059452				
050243	0.9907913596				
050245	0.9956196161				
050248	0.9932054879				
050261	0.9902067417				
050262	1.0088663711				
050272	1.0023048944				
050278	1.0006404527				
050279	1.0029651687				
050280	0.9911833975				
050281	1.0040243589				
050283	0.9993267817				
050289	0.9977655079				
050290	1.0044782976				
050291	1.0078759595				
050292	1.0006404527				
050295	0.9962317455				
050296	1.0065760443				
050298	1.0032058938				
050300	0.9995812625				
050301	1.0053242741				
050305	0.9909908175				
050308	1.0008192770				
050309	1.0028344894				
050313	1.0009430784				
050315	0.9918299162				
050320	0.9918299162				
050324	0.9994024382				
050327	0.9946842274				
050329	0.9959566312				
050334	0.9948355403				
050335	1.0072500744				
050336	1.0004685062				
050342	1.0017133985				
050348	0.9971121114				
050350	1.0032402831				
050351	1.0036185653				
050352	1.0162531909				
050353	1.0033984738				
050357	1.0038799239				
050359	0.9907122642				
050360	0.9972840578				
050367	0.9952894789				
050373	0.9998082318				
050376	0.9948355403				
050378	1.0003653383				
050380	0.9926415035				
050382	0.9982332023				
050390	0.9882603078				
050393	1.0001108576				
050394	0.9996362853				
050396	1.0056200220				
050407	1.0151779524				
050411	1.0106752479				
050414	1.0035910538				
050417	1.0069852769				
050424	1.0079722496				
050425	1.0082450713				
050426	0.9939620523				
050438	1.0035016417				
050441	1.0004616283				
050444	1.0028551230				
050454	1.0038799239				
050455	0.9971946457				
050457	1.0005097733				
050464	0.9933774343				
050468	1.0036391989				
050471	0.9997600868				
050481	0.9994505832				
050485	0.9967544627				
050488	0.9954476697				
050492	0.9934187015				
050496	1.0014245285				
050498	0.9957915626				
050502	1.0019541236				
050503	0.9999113997				
050506	0.9963830584				
050510	1.0104276450				
050512	1.0148569857				
050515	1.0121608652				
050516	1.0004547505				
050517	0.9962798905				
050523	1.0004409948				
050526	0.9969229703				
050528	1.0086462797				
050534	0.9940583423				
050537	1.0085981347				
050541	1.0052554955				
050549	0.9935356251				
050551	0.9959772647				
050557	1.0008674220				
050561	0.9982951030				
050567	1.0064866322				
050568	1.0020744861				
050570	0.9928753507				
050573	0.9980543779				
050580	1.0057094342				
050581	0.9922288320				
050586	1.0134126355				
050588	1.0046983890				
050589	0.9966822452				
050590	1.0039555803				
050597	1.0022911386				
050599	1.0028069780				
050603	0.9943128230				
050604	1.0042238168				
050608	1.0037836339				
050609	1.0149945429				
050616	1.0019541236				
050624	1.0027244437				
050625	1.0055030984				
050633	0.9966341002				
050636	0.9945741817				
050641	1.0021948486				
050674	1.0102075535				
050677	1.0152146343				
050678	1.0005028955				
050684	1.0015689635				
050686	1.0040174811				
050688	0.9926139921				
050689	1.0012319485				
050690	1.0150220543				
050696	0.9934164089				
050701	0.9972771800				
050704	1.0003653383				
050709	1.0159643209				
050710	1.0127661168				
050714	1.0178098795				
050723	1.0156273058				
050724	0.9977414354				
050727	0.9923251220				
050735	1.0020985586				
050736	0.9918918169				
050737	1.0039762139				
050739	1.0015414521				
050740	1.0049391141				
050742	0.9968026077				
050744	0.9909770618				
050746	0.9963486691				
050747	0.9865477211				
050748	1.0136739941				
050755	1.0059983042				
050757	0.9999801783				
050758	0.9982951030				
050760	1.0146644057				
050761	1.0016377421				
050763	0.9936731822				
050764	0.9944435024				
050765	1.0120324786				
050767	1.0115281023				
050770	1.0047327783				
050771	1.0014004560				
050772	1.0115831252				
050773	1.0014245285				
050775	1.0050354041				
050776	0.9914585119				
050777	1.0080616617				
050779	1.0067686244				
060001	1.0022705051				
060003	1.0004616283				
060004	1.0062871743				
060006	1.0062871743				
060008	1.0085981347				
060009	1.0038317789				
060010	1.0056200220				
060011	0.9968576306				
060012	1.0003584605				
060013	1.0075389445				
060014	0.9981919351				
060015	0.9956471276				
060016	1.0004375558				
060020	1.0032196495				
060022	0.9973046914				
060023	0.9962111119				
060024	1.0007780098				
060027	1.0030133138				
060028	1.0011494142				
060030	0.9933361672				
060031	0.9953101125				
060032	1.0042169390				
060034	0.9903511767				
060044	1.0010875134				
060049	1.0182271362				
060054	0.9932880222				
060064	1.0085499897				
060065	0.9993749267				
060075	1.0015689635				
060076	1.0026762987				
060096	1.0123534453				
060100	1.0050629155				
060103	0.9984154655				
060104	1.0045058090				
060112	1.0043751297				
060113	0.9954064025				
060114	1.0081441960				
060116	1.0043201068				
060118	1.0223676069				
060119	1.0017477878				
060125	0.9945879374				
060126	1.0156273058				
070002	1.0032265274				
070003	1.0004134833				
070004	1.0137015055				
070005	0.9903511767				
070006	0.9953582575				
070007	1.0011219027				
070008	1.0040243589				
070010	1.0029514130				
070011	0.9950212425				
070012	1.0003171933				
070016	0.9945329145				
070017	0.9975591722				
070018	1.0009843456				
070019	1.0076833795				
070020	1.0012113149				
070021	1.0065760443				
070022	0.9977311186				
070024	1.0064935100				
070025	0.9929578850				
070027	0.9991685910				
070028	0.9916098248				
070029	1.0055649992				
070031	1.0022567493				
070033	0.9997325754				
070034	0.9989484995				
070035	0.9969126535				
070036	0.9992717589				
080001	0.9998976440				
080003	1.0027244437				
080004	1.0014107728				
080006	1.0042650840				
080007	1.0011769256				
080009	1.0002690483				
090001	0.9917473819				
090003	0.9975729279				
090004	0.9943265788				
090005	0.9984670494				
090006	0.9951037768				
090008	0.9941271209				
090011	0.9920637634				
100001	0.9975041493				
100002	0.9954820590				
100006	0.9952688453				
100007	1.0052761291				
100008	0.9954614254				
100009	0.9969951878				
100012	0.9931298314				
100014	0.9875106212				
100017	0.9885147885				
100018	0.9929441293				
100019	0.9967682185				
100022	0.9929578850				
100023	0.9943540902				
100025	0.9952275782				
100026	0.9962455012				
100028	0.9944091131				
100029	0.9987008966				
100030	0.9939482966				
100032	0.9926552592				
100034	1.0005716741				
100035	0.9896840244				
100038	1.0035979317				
100039	0.9942715559				
100040	0.9991685910				
100043	1.0095128898				
100044	0.9930266636				
100045	1.0082404860				
100046	1.0008880556				
100047	0.9918436719				
100048	1.0050354041				
100049	0.9915066569				
100050	0.9961285776				
100051	1.0026419094				
100052	0.9956264940				
100053	0.9990929345				
100054	1.0124015903				
100055	1.0061152278				
100057	0.9999045218				
100062	0.9949799753				
100063	0.9988246981				
100067	0.9981025230				
100068	0.9990035224				
100069	0.9984876830				
100070	0.9939620523				
100071	0.9899797723				
100072	0.9959359976				
100073	0.9962592569				
100075	1.0029720466				
100077	0.9971533785				
100080	0.9932123657				
100084	0.9896909023				
100086	0.9968026077				
100087	1.0028895123				
100088	1.0068855480				
100090	0.9972084014				
100092	0.9953032346				
100093	0.9999526668				
100099	0.9956471276				
100102	1.0061427393				
100105	0.9950212425				
100106	0.9919399619				
100107	1.0056612892				
100109	0.9970089435				
100110	0.9984464159				
100113	0.9982538358				
100117	1.0041825497				
100118	0.9954545475				
100121	0.9992820756				
100122	0.9999664225				
100124	0.9994505832				
100125	0.9996706746				
100126	1.0018096886				
100127	1.0019747572				
100128	1.0012800935				
100130	0.9996431632				
100131	0.9963693027				
100132	1.0046502440				
100135	0.9956883947				
100137	0.9922976106				
100140	1.0038558514				
100142	1.0039039964				
100150	0.9901585967				
100151	1.0118238502				
100154	1.0006679641				
100156	1.0027725887				
100157	0.9919193284				
100161	0.9968920199				
100166	0.9968988978				
100167	1.0017615436				
100168	0.9959291197				
100173	0.9951381660				
100175	1.0022429936				
100176	1.0036391989				
100177	1.0035429088				
100179	1.0000352011				
100180	0.9965756384				
100181	1.0006542084				
100183	1.0036391989				
100187	0.9905093674				
100189	0.9977036072				
100191	0.9976417064				
100200	0.9938176173				
100204	0.9935356251				
100206	0.9996431632				
100209	0.9991548353				
100211	0.9966100277				
100212	0.9903511767				
100213	0.9917955269				
100217	1.0005097733				
100220	0.9962455012				
100223	0.9913484661				
100224	1.0001246133				
100226	0.9989347438				
100228	0.9991135681				
100230	1.0054205641				
100231	0.9979512101				
100232	1.0036873439				
100236	0.9938657623				
100238	0.9986321180				
100242	0.9946292045				
100243	0.9987146523				
100244	0.9946842274				
100246	0.9945810595				
100248	0.9903511767				
100249	0.9936250372				
100252	1.0068649144				
100253	1.0045745876				
100254	0.9994780946				
100255	1.0059020142				
100256	0.9948286624				
100258	0.9937694722				
100259	0.9961767226				
100260	0.9939689301				
100264	0.9982813473				
100265	1.0007298648				
100266	1.0115590526				
100267	1.0017615436				
100268	1.0002209033				
100269	0.9977104850				
100275	0.9945810595				
100276	1.0023874287				
100281	1.0023943065				
100284	1.0010393684				
100285	1.0088870047				
100286	1.0004134833				
100287	0.9960873105				
100288	0.9927102821				
100289	1.0073463645				
100290	0.9929028621				
100291	1.0033503288				
100292	1.0025800087				
100296	0.9980543779				
100299	0.9997394532				
100302	0.9935287472				
100307	0.9966375391				
100313	1.0067686244				
100314	1.0123672010				
100315	1.0064797543				
100316	1.0057575792				
100319	1.0118582395				
100320	1.0072982195				
100321	1.0157717408				
110001	1.0077315245				
110002	0.9941064873				
110003	1.0024218179				
110005	1.0009843456				
110006	0.9981506680				
110007	0.9923388777				
110008	1.0005854298				
110010	1.0046020990				
110011	1.0025043522				
110015	1.0073945095				
110016	1.0038730460				
110018	0.9919399619				
110023	1.0140110091				
110024	1.0009430784				
110025	0.9955164482				
110026	1.0046502440				
110027	0.9933361672				
110028	0.9934668465				
110029	1.0021260700				
110030	1.0014451621				
110031	0.9903993217				
110032	1.0045539540				
110034	0.9942371666				
110035	0.9986458738				
110036	0.9904887339				
110038	0.9992029803				
110039	1.0014245285				
110041	0.9987765531				
110042	1.0087907147				
110043	0.9971877678				
110044	1.0016652535				
110045	1.0042650840				
110046	0.9964415202				
110051	1.0133644904				
110054	0.9959222419				
110064	0.9927171599				
110069	1.0063559529				
110071	0.9938657623				
110073	1.0075870895				
110074	1.0081098067				
110075	0.9931023200				
110076	0.9901792302				
110078	1.0015552078				
110079	1.0000214454				
110082	1.0019059786				
110083	1.0049459919				
110086	1.0129311854				
110087	0.9958190740				
110089	1.0032540388				
110091	0.9973597143				
110092	1.0054205641				
110095	1.0062940521				
110104	1.0040243589				
110105	1.0010875134				
110107	0.9955233261				
110109	1.0027244437				
110115	0.9959084862				
110121	1.0194789064				
110122	1.0002552926				
110124	0.9976932904				
110125	1.0046983890				
110128	1.0024355737				
110129	0.9931298314				
110132	1.0189974564				
110135	1.0032540388				
110142	1.0123534453				
110143	0.9955508375				
110146	1.0027244437				
110150	1.0081648296				
110153	1.0094647448				
110161	0.9974284928				
110164	0.9973046914				
110165	0.9978617979				
110168	1.0016652535				
110177	0.9974422486				
110184	1.0057988464				
110189	1.0067204794				
110191	0.9907776039				
110192	0.9961973562				
110194	1.0091277298				
110198	0.9910252068				
110200	1.0111337717				
110201	0.9990172781				
110215	0.9975866836				
110225	1.0054205641				
110226	1.0002690483				
110229	1.0014520399				
110230	1.0092033862				
110233	0.9997394532				
120001	0.9989897667				
120002	1.0086256461				
120004	1.0153384358				
120005	1.0052211063				
120006	1.0153384358				
120007	0.9907363368				
120011	1.0170579003				
120014	1.0142070281				
120019	1.0032540388				
120022	1.0113905451				
120026	1.0086944247				
130002	1.0065622886				
130003	0.9964655927				
130006	1.0074151430				
130007	1.0033159395				
130013	1.0147125507				
130014	1.0055168542				
130018	0.9987421638				
130025	0.9969470428				
130028	1.0036942217				
130049	1.0014107728				
130065	1.0039762139				
140001	0.9983432480				
140002	0.9997394532				
140007	0.9955783490				
140008	0.9996981861				
140010	1.0044370304				
140011	1.0022911386				
140012	1.0075148720				
140013	0.9962730127				
140015	1.0004272390				
140018	0.9937350830				
140029	0.9987146523				
140030	1.0050010148				
140032	1.0029170237				
140034	1.0141107381				
140040	0.9959841426				
140043	1.0014726735				
140046	0.9990447895				
140048	1.0047121447				
140049	1.0034947638				
140052	1.0009190059				
140053	0.9975247829				
140054	0.9910252068				
140058	1.0079481771				
140059	0.9987444564				
140062	1.0071537844				
140063	0.9998357432				
140064	1.0031096038				
140065	1.0088182261				
140067	0.9963280355				
140068	1.0001486858				
140077	1.0019541236				
140080	0.9971396228				
140082	0.9975247829				
140084	0.9958259519				
140088	0.9992236139				
140089	0.9957434176				
140091	1.0008742998				
140093	1.0007504984				
140095	1.0025800087				
140100	1.0067686244				
140101	0.9988246981				
140103	1.0030614588				
140110	1.0014726735				
140113	0.9994918503				
140114	1.0042306947				
140115	0.9942509223				
140116	1.0024218179				
140117	1.0004203612				
140118	0.9980199887				
140119	1.0067755022				
140120	0.9996913082				
140122	1.0090727069				
140124	1.0126973382				
140125	0.9979099429				
140127	1.0067548687				
140130	1.0077452802				
140133	1.0022911386				
140135	1.0041550382				
140137	1.0133644904				
140143	1.0023392836				
140145	1.0117757052				
140147	1.0031096038				
140148	0.9935356251				
140150	0.9959841426				
140155	1.0020504136				
140158	1.0007161091				
140160	0.9956471276				
140161	1.0024355737				
140162	1.0048909691				
140164	1.0043544961				
140166	1.0030133138				
140172	0.9943884795				
140174	0.9968163635				
140176	0.9990172781				
140177	1.0045539540				
140179	0.9988109424				
140180	1.0011081470				
140181	0.9953101125				
140182	1.0009086891				
140184	0.9998598157				
140185	1.0067686244				
140186	1.0054274420				
140187	1.0053517856				
140189	1.0059157699				
140191	1.0012663378				
140200	1.0026075201				
140202	0.9966031499				
140206	1.0000283233				
140208	0.9993061482				
140209	0.9985564616				
140210	1.0028688787				
140211	1.0025181080				
140213	1.0055306099				
140217	0.9995950182				
140223	1.0018715893				
140224	1.0082817532				
140228	0.9997600868				
140231	1.0085775011				
140233	0.9950281203				
140234	1.0077315245				
140239	0.9922976106				
140240	0.9984876830				
140242	1.0013626278				
140250	0.9992855146				
140251	1.0001246133				
140252	0.9947254945				
140258	1.0020297800				
140275	0.9988246981				
140276	1.0004960176				
140280	0.9955026925				
140281	1.0075251888				
140286	0.9950143646				
140288	1.0051729613				
140289	0.9935012358				
140290	1.0034466188				
140291	1.0005028955				
140292	1.0017615436				
140294	0.9981025230				
140304	1.0029858023				
150001	1.0054205641				
150002	1.0001796361				
150005	1.0052761291				
150006	1.0034466188				
150007	1.0001246133				
150008	1.0049116026				
150009	0.9940239530				
150010	1.0009774677				
150011	1.0018096886				
150012	0.9963417912				
150015	0.9945604259				
150017	0.9943472123				
150018	1.0029858023				
150021	0.9959428755				
150022	1.0034947638				
150023	1.0020710472				
150024	1.0039418246				
150026	1.0006542084				
150030	1.0100424849				
150034	1.0084193104				
150035	1.0014589178				
150037	1.0089110772				
150042	1.0042444504				
150044	0.9995056060				
150045	1.0081648296				
150046	0.9985358280				
150047	1.0005097733				
150048	1.0063903422				
150051	0.9998632547				
150056	0.9988728431				
150057	1.0070815669				
150058	0.9990929345				
150059	0.9999801783				
150061	1.0017615436				
150064	0.9936731822				
150065	1.0146162606				
150069	1.0121608652				
150072	1.0003653383				
150074	0.9984326602				
150075	1.0080685396				
150076	1.0030614588				
150082	0.9955026925				
150084	0.9943128230				
150086	0.9920843970				
150088	0.9979580879				
150089	1.0031164816				
150090	0.9948424181				
150091	1.0123053003				
150097	1.0082129746				
150100	1.0000627126				
150101	1.0141829556				
150102	1.0108128050				
150104	1.0083092646				
150109	0.9991548353				
150112	1.0007642541				
150113	1.0046433662				
150115	1.0115590526				
150125	1.0012319485				
150126	0.9952413339				
150128	0.9938176173				
150133	1.0010393684				
150146	1.0025800087				
150149	1.0054205641				
150150	0.9919881070				
150153	1.0083814821				
150157	1.0012319485				
150158	1.0102832099				
150161	1.0054205641				
150162	0.9964724705				
150165	0.9946601549				
150169	0.9910802297				
150173	0.9953995247				
150175	1.0026762987				
150176	0.9909048443				
150181	1.0183234263				
160001	1.0108609500				
160005	1.0080203946				
160008	0.9863551410				
160013	1.0038799239				
160016	1.0024355737				
160024	1.0105445686				
160028	1.0122915446				
160029	1.0141348106				
160030	0.9990654231				
160033	0.9977379965				
160040	0.9911696418				
160045	1.0046777555				
160047	1.0035910538				
160057	1.0066998458				
160058	0.9956402497				
160064	0.9970845999				
160069	1.0125872925				
160079	1.0124841246				
160080	1.0020985586				
160082	0.9968920199				
160083	0.9951106546				
160089	1.0056131442				
160104	1.0128830404				
160110	1.0033572067				
160112	1.0073704370				
160117	1.0072741470				
160122	1.0138459405				
160124	1.0123534453				
160146	0.9995606289				
160147	1.0166383510				
160153	0.9930748086				
170006	1.0009912234				
170009	1.0167827860				
170012	0.9970433328				
170013	0.9994987282				
170014	1.0128348954				
170016	0.9969883099				
170017	0.9987284081				
170020	0.9981025230				
170023	1.0046502440				
170027	1.0145199706				
170040	1.0047602898				
170049	0.9993199039				
170058	1.0065760443				
170068	0.9976210729				
170074	1.0020022686				
170086	0.9967682185				
170094	1.0241008272				
170103	1.0098017599				
170104	1.0053792970				
170105	1.0050835491				
170109	1.0167827860				
170120	1.0071056394				
170122	0.9973459585				
170123	0.9964174477				
170133	1.0007986434				
170137	1.0075389445				
170142	1.0011115859				
170145	0.9987284081				
170146	1.0080891732				
170150	1.0030614588				
170175	1.0121127202				
170176	1.0010737577				
170182	0.9949662196				
170185	1.0074907995				
170186	1.0153143633				
170191	1.0005097733				
170197	1.0046502440				
170200	1.0011838035				
180001	0.9922769770				
180002	1.0146162606				
180004	0.9996431632				
180005	0.9952619675				
180009	0.9984395380				
180010	0.9954064025				
180011	1.0064797543				
180012	1.0048909691				
180013	0.9958465854				
180017	0.9953582575				
180018	1.0020985586				
180019	1.0109331675				
180020	1.0086222072				
180021	1.0156273058				
180024	1.0065760443				
180025	1.0108128050				
180027	1.0020022686				
180035	0.9997600868				
180036	1.0045539540				
180038	0.9910183289				
180040	0.9951656775				
180043	1.0160124659				
180044	1.0020504136				
180045	1.0016652535				
180048	1.0015070628				
180049	1.0055890717				
180050	1.0077796695				
180051	0.9997119418				
180053	1.0088870047				
180056	0.9921806870				
180064	1.0017133985				
180066	1.0108128050				
180067	0.9968301192				
180069	1.0137977955				
180070	1.0079241046				
180078	1.0131719104				
180079	1.0085018447				
180080	0.9999526668				
180087	0.9989209881				
180088	0.9940927316				
180092	1.0102350649				
180093	0.9945466702				
180101	1.0038317789				
180102	0.9995537510				
180103	0.9986802630				
180104	0.9920018627				
180105	0.9911696418				
180106	0.9938657623				
180116	1.0006542084				
180124	1.0023392836				
180127	0.9984395380				
180128	1.0053724191				
180130	0.9942853116				
180132	0.9957915626				
180138	1.0116312702				
180139	1.0004134833				
180141	0.9905987796				
180143	1.0011562920				
190002	1.0011906813				
190004	1.0053930527				
190005	0.9995789699				
190006	1.0058057242				
190007	1.0149532757				
190008	1.0037767560				
190011	0.9959291197				
190013	1.0086462797				
190014	1.0053724191				
190015	0.9944022352				
190017	0.9956471276				
190019	0.9939895637				
190020	1.0047946790				
190025	1.0000283233				
190026	0.9950900210				
190027	0.9940583423				
190034	1.0067926969				
190036	0.9994024382				
190039	0.9939758080				
190040	1.0032334052				
190041	1.0004753841				
190044	1.0020985586				
190045	1.0056475335				
190046	1.0003653383				
190050	1.0079722496				
190053	1.0021707761				
190054	0.9966581727				
190060	0.9999457890				
190064	0.9944916474				
190065	0.9957571733				
190079	0.9990654231				
190081	0.9982951030				
190086	0.9915066569				
190088	1.0144718256				
190090	1.0067686244				
190098	0.9933911900				
190099	0.9929028621				
190102	0.9963211577				
190111	0.9992442474				
190114	0.9944435024				
190116	1.0005097733				
190118	0.9988728431				
190125	1.0014107728				
190128	0.9996431632				
190144	1.0047224615				
190146	1.0048565798				
190151	0.9990654231				
190160	1.0021398258				
190164	1.0026040812				
190167	1.0041687939				
190176	1.0000352011				
190177	1.0044163968				
190183	1.0090314397				
190184	1.0102350649				
190190	1.0304559682				
190201	1.0010875134				
190202	0.9999939340				
190204	0.9982469580				
190205	1.0077957179				
190236	0.9970502106				
190242	0.9984395380				
190263	1.0029170237				
190274	0.9979787215				
190308	1.0036391989				
190312	1.0088870047				
200001	1.0047465340				
200008	1.0087425697				
200009	0.9957640511				
200018	1.0135089255				
200019	0.9987008966				
200020	1.0125941703				
200021	1.0020985586				
200024	0.9929991521				
200031	1.0150014207				
200033	0.9923319999				
200034	0.9988246981				
200037	1.0072500744				
200039	1.0020229022				
200041	1.0068167694				
200050	1.0127386053				
200052	1.0259624342				
200063	1.0028688787				
220001	1.0019403679				
220002	1.0033365731				
220008	0.9928409614				
220010	0.9999320333				
220011	1.0054480756				
220012	1.0042169390				
220015	0.9940101973				
220016	1.0041447214				
220017	0.9953101125				
220019	1.0012800935				
220020	1.0094165998				
220024	1.0071056394				
220029	1.0007023534				
220030	1.0031737971				
220031	1.0014864292				
220033	1.0009705899				
220035	1.0070574944				
220036	1.0003653383				
220046	0.9963486691				
220049	1.0009912234				
220052	1.0067342351				
220060	1.0001452469				
220063	0.9975041493				
220065	1.0117757052				
220066	0.9941408766				
220070	1.0040312368				
220071	1.0066585786				
220073	0.9996913082				
220074	1.0032471609				
220077	0.9993886824				
220080	1.0006610862				
220083	1.0060945943				
220084	1.0038936796				
220086	1.0022154822				
220088	1.0146002123				
220090	1.0047121447				
220095	0.9997394532				
220098	1.0000283233				
220100	1.0048084348				
220101	1.0120852088				
220105	1.0135089255				
220108	1.0038799239				
220110	1.0064935100				
220111	1.0024630851				
220116	1.0020916807				
220119	1.0148569857				
220126	0.9943816016				
220135	1.0045401983				
220163	1.0026900544				
220171	1.0052761291				
220175	0.9993267817				
220176	0.9988453316				
220177	1.0223676069				
230002	1.0016652535				
230003	1.0211639817				
230005	1.0095610348				
230015	1.0081648296				
230017	1.0007092312				
230019	1.0038180232				
230020	1.0043613740				
230021	0.9984670494				
230022	0.9940101973				
230024	0.9990516674				
230029	1.0042582061				
230030	0.9933843122				
230031	1.0096813973				
230035	1.0143755356				
230036	0.9964655927				
230037	1.0061186668				
230038	1.0018647114				
230040	1.0089592222				
230041	0.9976348286				
230046	1.0038386567				
230047	0.9962111119				
230053	0.9979443322				
230054	0.9948699296				
230058	1.0059501592				
230059	1.0045058090				
230066	0.9961698448				
230069	1.0024676703				
230070	0.9979580879				
230072	1.0194307614				
230075	0.9932605107				
230077	1.0017615436				
230080	1.0069130594				
230081	1.0131959829				
230085	1.0088870047				
230089	1.0139628641				
230092	1.0050216484				
230093	1.0149532757				
230095	1.0065118510				
230096	0.9954064025				
230097	1.0057163121				
230099	0.9967475849				
230100	1.0027725887				
230104	1.0001452469				
230105	1.0106271029				
230108	1.0134126355				
230110	1.0025800087				
230117	1.0020848029				
230118	1.0174568161				
230121	1.0017615436				
230130	1.0026350316				
230132	0.9932811443				
230133	1.0139422305				
230141	0.9936387929				
230142	1.0054618313				
230146	0.9940239530				
230151	1.0028001001				
230156	1.0011425363				
230165	0.9914516340				
230167	1.0002277812				
230174	0.9914585119				
230176	1.0038111453				
230180	1.0092721648				
230193	1.0044095190				
230195	0.9970639664				
230197	0.9997050639				
230207	0.9996913082				
230208	0.9979099429				
230216	1.0045814654				
230217	1.0143755356				
230222	1.0111154308				
230227	1.0007298648				
230230	0.9967131956				
230236	0.9981162787				
230239	1.0162291184				
230241	1.0063834643				
230244	0.9925658471				
230254	0.9933361672				
230259	1.0180345562				
230269	1.0069199372				
230270	0.9986802630				
230273	0.9946360824				
230277	0.9984120266				
230297	1.0079241046				
230302	1.0025318637				
230303	1.0167827860				
240001	1.0006610862				
240002	1.0000420790				
240004	1.0039349468				
240006	1.0166383510				
240010	1.0129518189				
240014	1.0157717408				
240018	1.0172160911				
240019	1.0025318637				
240020	1.0121608652				
240022	1.0166864960				
240030	1.0020985586				
240036	1.0096091798				
240038	0.9970983556				
240040	1.0013763835				
240043	1.0098499049				
240044	1.0138218680				
240047	0.9994230717				
240050	1.0133163454				
240052	1.0065760443				
240053	1.0084743332				
240056	1.0049391141				
240057	1.0002896819				
240059	1.0188369730				
240063	1.0072500744				
240064	1.0135570705				
240066	1.0169753660				
240069	1.0143273906				
240071	1.0109090950				
240075	1.0196714865				
240076	1.0125941703				
240078	1.0033915960				
240080	0.9918299162				
240084	1.0103313549				
240088	1.0035429088				
240093	1.0018372000				
240100	1.0152902908				
240101	1.0170235110				
240104	1.0085981347				
240106	0.9964518370				
240115	1.0046777555				
240132	1.0093203098				
240141	1.0162692393				
240166	1.0094165998				
240187	1.0125941703				
240207	1.0057850906				
240210	1.0020985586				
240213	1.0137255780				
240214	1.0180345562				
250001	0.9934668465				
250002	1.0048428241				
250004	0.9995262396				
250006	1.0014245285				
250007	0.9980131108				
250009	1.0015345742				
250019	0.9979443322				
250020	0.9994505832				
250025	1.0026762987				
250031	0.9938795180				
250034	0.9929785185				
250036	1.0158198858				
250038	1.0080203946				
250040	0.9921600534				
250042	1.0062149568				
250043	1.0131237654				
250048	0.9996775525				
250049	1.0129311854				
250050	1.0101869199				
250057	1.0037836339				
250058	1.0076077231				
250061	1.0115831252				
250067	1.0012319485				
250069	0.9851033708				
250072	0.9951450439				
250077	0.9995950182				
250078	0.9954407918				
250082	0.9939826859				
250084	0.9991135681				
250085	0.9919399619				
250093	1.0069371319				
250094	0.9976760957				
250095	1.0143434389				
250096	0.9974766379				
250097	0.9992580031				
250099	0.9911696418				
250100	0.9982056908				
250102	1.0012732156				
250104	1.0002690483				
250117	1.0086944247				
250123	0.9994505832				
250124	1.0004134833				
250126	0.9942509223				
250128	0.9966822452				
250138	0.9963211577				
250141	0.9914585119				
250162	1.0133644904				
250167	1.0077315245				
250168	0.9952619675				
260001	0.9970433328				
260005	0.9954958147				
260006	1.0106477364				
260009	1.0135570705				
260011	1.0034672524				
260015	1.0072019294				
260017	0.9907157032				
260020	1.0048497019				
260022	1.0130756204				
260023	0.9948836853				
260024	1.0147606957				
260025	1.0025800087				
260027	0.9948355403				
260032	0.9979855994				
260034	1.0075389445				
260040	0.9962798905				
260047	1.0035429088				
260048	0.9921119084				
260050	1.0107165150				
260052	1.0091277298				
260057	0.9986080455				
260059	1.0063834643				
260061	1.0054205641				
260062	0.9999801783				
260064	1.0150014207				
260065	0.9976004393				
260068	0.9931435871				
260070	1.0018096886				
260074	1.0030454104				
260077	0.9991273238				
260078	1.0087425697				
260081	1.0035497867				
260085	1.0073463645				
260091	0.9978686758				
260094	1.0029858023				
260095	0.9966169056				
260096	1.0010118570				
260097	1.0117275602				
260102	1.0164618193				
260105	0.9876069112				
260108	1.0005647962				
260110	0.9955026925				
260113	1.0063834643				
260119	0.9940170751				
260137	0.9928891064				
260138	1.0033847181				
260141	0.9992304917				
260142	1.0095128898				
260162	1.0135570705				
260163	0.9973322028				
260176	0.9982228855				
260177	0.9948149067				
260179	1.0154484815				
260180	0.9966581727				
260183	0.9999526668				
260186	0.9982675916				
260190	1.0080685396				
260191	1.0078759595				
260193	1.0126663878				
260195	1.0053724191				
260200	0.9963830584				
260210	0.9981265955				
260214	0.9962248676				
260216	1.0084536996				
260219	1.0017133985				
270003	1.0128348954				
270004	1.0027450773				
270012	0.9969951878				
270014	1.0109641179				
270017	1.0072019294				
270023	1.0060464492				
270032	1.0074426545				
270049	0.9984532937				
270057	1.0065278993				
280003	0.9983226144				
280009	0.9994712167				
280013	1.0001383690				
280020	0.9977173629				
280023	0.9982332023				
280032	0.9931435871				
280040	1.0005854298				
280060	1.0006473305				
280061	0.9991617131				
280065	1.0007986434				
280077	0.9973803478				
280081	1.0015208185				
280105	0.9980383296				
280111	1.0003171933				
280125	0.9944916474				
280128	0.9979099429				
280130	0.9991479574				
280132	1.0042650840				
280134	0.9957434176				
290001	0.9896840244				
290003	0.9891613072				
290005	1.0022429936				
290007	0.9903167874				
290008	1.0106683700				
290009	1.0119407738				
290012	1.0012319485				
290019	1.0081923410				
290021	0.9928065721				
290022	0.9921806870				
290032	1.0009912234				
290039	1.0059983042				
290041	0.9990447895				
290045	0.9941064873				
290046	0.9938244951				
290047	0.9972290350				
290049	1.0078759595				
290053	1.0027106880				
290054	1.0025112301				
300001	0.9982125687				
300003	0.9959566312				
300005	1.0012800935				
300011	0.9990172781				
300012	0.9980062329				
300014	1.0072019294				
300017	1.0007504984				
300018	1.0056681670				
300019	1.0069130594				
300020	1.0025524973				
300023	1.0029376573				
300029	0.9969126535				
300034	0.9978205308				
310001	1.0022154822				
310002	0.9998907661				
310003	0.9998357432				
310005	1.0023805508				
310006	0.9945191588				
310008	1.0054687092				
310009	1.0018578336				
310010	1.0029858023				
310011	0.9952482118				
310012	1.0033915960				
310014	0.9913966111				
310015	1.0054480756				
310016	0.9979580879				
310017	0.9977379965				
310019	0.9964380813				
310021	0.9898215816				
310022	0.9952482118				
310024	0.9921325420				
310025	1.0009912234				
310027	0.9944159909				
310028	0.9972565464				
310029	0.9974147371				
310031	1.0050113316				
310032	0.9963830584				
310034	1.0016858871				
310038	0.9965756384				
310039	0.9974903936				
310040	0.9989484995				
310041	0.9883428421				
310044	0.9996706746				
310045	0.9983019808				
310047	1.0009086891				
310048	0.9936250372				
310050	1.0011425363				
310051	0.9966306613				
310052	0.9909495504				
310054	0.9981231565				
310057	0.9925383356				
310058	1.0055168542				
310060	1.0042169390				
310061	0.9937694722				
310064	1.0018372000				
310069	1.0108368775				
310070	1.0018028107				
310073	0.9979993551				
310074	1.0016721314				
310075	1.0064522429				
310076	1.0020504136				
310081	0.9933086557				
310083	1.0014004560				
310084	0.9953101125				
310086	1.0009086891				
310091	1.0030373863				
310092	1.0011838035				
310096	1.0079722496				
310108	0.9958190740				
310110	0.9987765531				
310111	0.9999733004				
310112	1.0003171933				
310113	0.9987696752				
310115	0.9947805174				
310118	1.0017615436				
310119	0.9945535481				
310130	0.9967785352				
320001	0.9900554288				
320002	0.9960047762				
320003	1.0115831252				
320004	0.9882809414				
320005	1.0044576640				
320006	1.0057094342				
320009	1.0008467884				
320011	1.0109090950				
320013	1.0170235110				
320016	1.0184197163				
320017	0.9968988978				
320018	1.0007848877				
320021	1.0014864292				
320022	1.0015208185				
320033	1.0018096886				
320038	1.0087425697				
320059	1.0115349801				
320061	1.0174568161				
320063	1.0054927817				
320065	1.0114868351				
320074	1.0109090950				
320085	0.9943540902				
320089	1.0029651687				
330003	0.9983432480				
330004	0.9984395380				
330005	0.9971740121				
330006	0.9970433328				
330008	1.0081648296				
330009	1.0022154822				
330011	1.0043407404				
330013	0.9963280355				
330014	0.9951656775				
330019	0.9982951030				
330023	0.9993267817				
330024	1.0008605441				
330027	0.9940583423				
330028	0.9951863110				
330030	1.0132200554				
330033	1.0115831252				
330043	0.9915754355				
330044	0.9887211243				
330045	0.9980887672				
330046	1.0060739607				
330047	1.0036873439				
330049	1.0017615436				
330055	0.9975385386				
330056	0.9984326602				
330057	0.9997944761				
330058	1.0119201402				
330059	1.0033365731				
330061	0.9963417912				
330065	0.9966581727				
330073	1.0152902908				
330074	1.0010875134				
330078	0.9938863958				
330079	1.0082129746				
330080	0.9978755536				
330084	1.0145681156				
330085	1.0081648296				
330086	0.9905919017				
330088	0.9950212425				
330090	0.9944572581				
330094	0.9970914778				
330096	1.0051316941				
330101	1.0048015569				
330102	0.9955026925				
330103	0.9976485843				
330104	0.9972496685				
330106	1.0043544961				
330107	0.9982607137				
330111	0.9903993217				
330115	1.0079481771				
330119	1.0047396562				
330125	1.0049597476				
330126	0.9982332023				
330127	0.9963624248				
330128	0.9926277478				
330132	1.0011838035				
330135	1.0120164302				
330136	1.0015827192				
330140	1.0054068084				
330141	0.9958878526				
330151	1.0011838035				
330153	1.0005304069				
330157	1.0011081470				
330158	1.0013557499				
330160	0.9906675582				
330162	1.0091277298				
330163	0.9900623066				
330164	1.0038317789				
330167	0.9958672190				
330169	1.0027106880				
330175	1.0169753660				
330180	1.0020022686				
330181	0.9925658471				
330182	1.0047946790				
330184	0.9958878526				
330185	1.0066241893				
330188	1.0021467036				
330191	0.9959153640				
330193	0.9972703021				
330194	1.0037698782				
330195	0.9974284928				
330196	0.9966100277				
330197	1.0124015903				
330198	0.9949868532				
330199	1.0053792970				
330201	0.9995950182				
330203	0.9961698448				
330204	0.9895808566				
330205	1.0030133138				
330208	1.0044370304				
330211	1.0006060634				
330214	1.0019128564				
330215	1.0013523110				
330218	1.0084055546				
330219	1.0000764683				
330221	0.9965481270				
330222	1.0044714197				
330223	1.0137656988				
330226	1.0050904270				
330229	1.0013282385				
330231	1.0001246133				
330232	0.9850712742				
330233	0.9916304583				
330234	0.9944916474				
330235	1.0007504984				
330236	1.0026487873				
330238	1.0048909691				
330239	0.9968026077				
330240	0.9930954421				
330241	0.9956196161				
330245	0.9889549715				
330246	0.9990654231				
330250	1.0028895123				
330259	0.9980887672				
330261	0.9985770952				
330264	0.9972565464				
330265	1.0057094342				
330267	0.9964999820				
330268	1.0075389445				
330270	1.0029170237				
330273	1.0013419942				
330276	1.0086944247				
330277	1.0123775178				
330279	0.9883015749				
330285	0.9996981861				
330286	0.9940720980				
330304	1.0005097733				
330307	1.0006748419				
330331	0.9970433328				
330332	0.9969951878				
330340	0.9948286624				
330350	0.9888999486				
330385	1.0131237654				
330386	1.0054687092				
330393	1.0000420790				
330394	0.9953101125				
330395	0.9880058270				
330396	0.9962248676				
330397	0.9929991521				
330399	1.0013144828				
330401	0.9993130260				
340001	0.9913690997				
340002	1.0015827192				
340003	1.0065038268				
340004	0.9955095704				
340008	1.0092721648				
340010	0.9995468732				
340014	0.9941133652				
340015	0.9926758928				
340016	1.0109090950				
340017	1.0010875134				
340020	1.0097536149				
340021	0.9954201582				
340023	1.0090795847				
340024	1.0119923577				
340027	0.9991273238				
340028	1.0039074353				
340030	1.0026969323				
340032	1.0034122295				
340037	1.0194307614				
340039	0.9994161939				
340041	0.9954545475				
340042	1.0044163968				
340047	1.0023392836				
340050	1.0035635424				
340051	1.0019541236				
340053	0.9973115693				
340060	1.0001727583				
340061	0.9998632547				
340064	1.0060464492				
340068	1.0072294409				
340069	0.9906262910				
340070	0.9991617131				
340071	0.9955508375				
340073	0.9956952726				
340075	1.0044163968				
340085	0.9886661014				
340087	1.0122090103				
340090	1.0062871743				
340091	1.0030133138				
340096	1.0020504136				
340097	1.0064797543				
340098	0.9990447895				
340099	1.0078278145				
340106	1.0142792456				
340107	1.0118719952				
340109	1.0068167694				
340113	0.9973322028				
340114	1.0002828040				
340115	1.0101869199				
340119	1.0051798391				
340120	1.0198640665				
340123	1.0057644571				
340126	0.9996844304				
340127	1.0034947638				
340129	1.0024355737				
340130	0.9916442140				
340131	1.0033915960				
340132	0.9992717589				
340133	1.0060945943				
340141	1.0017133985				
340142	1.0092102641				
340143	0.9928272057				
340144	1.0080203946				
340145	1.0078759595				
340147	0.9951381660				
340148	1.0227527670				
340151	1.0072019294				
340155	1.0053586634				
340158	1.0060705218				
340159	1.0031096038				
340166	1.0007504984				
340171	0.9995743846				
340173	0.9940101973				
340183	1.0012319485				
340184	0.9993061482				
340186	1.0033021838				
350002	1.0063628307				
350006	0.9939207851				
350011	0.9917405041				
350015	0.9994437053				
350019	0.9997256975				
350070	1.0037354889				
360001	1.0028344894				
360002	1.0067686244				
360003	0.9968232413				
360006	0.9936044036				
360008	0.9944572581				
360009	0.9972840578				
360010	1.0061908843				
360011	1.0029032680				
360012	1.0034466188				
360013	1.0029651687				
360014	1.0112461101				
360016	1.0126423153				
360017	0.9938451287				
360020	0.9953995247				
360025	1.0011838035				
360026	1.0014726735				
360027	0.9994299496				
360029	0.9971877678				
360032	1.0116312702				
360035	0.9950831432				
360036	1.0048909691				
360037	0.9996913082				
360039	0.9983157366				
360040	1.0008708609				
360041	1.0016171085				
360044	1.0017133985				
360046	1.0071537844				
360048	0.9932880222				
360051	1.0017546657				
360052	0.9983088587				
360054	1.0026281537				
360055	0.9990860567				
360056	1.0072225630				
360058	1.0039280689				
360059	0.9973184471				
360064	0.9918436719				
360065	1.0122571553				
360066	1.0055237320				
360068	1.0020710472				
360070	0.9977998972				
360072	0.9963417912				
360074	1.0032265274				
360075	1.0079963221				
360076	1.0001933919				
360077	1.0066173115				
360078	0.9919812291				
360079	0.9993061482				
360080	0.9976932904				
360081	1.0027588330				
360082	1.0013763835				
360084	0.9962523791				
360085	1.0008467884				
360086	1.0004822619				
360087	1.0029170237				
360089	1.0116312702				
360090	1.0004409948				
360091	1.0005510405				
360092	1.0039762139				
360095	1.0057300678				
360096	1.0171198011				
360098	1.0047740455				
360107	1.0088388597				
360109	1.0117757052				
360112	0.9966169056				
360118	0.9975591722				
360121	0.9950693875				
360123	1.0067067236				
360125	1.0030133138				
360131	0.9989209881				
360132	1.0048428241				
360133	1.0033090617				
360134	1.0016721314				
360137	1.0015345742				
360141	0.9990379117				
360143	1.0023874287				
360144	1.0070093494				
360145	1.0028620009				
360147	0.9947048610				
360148	1.0146644057				
360150	1.0066241893				
360151	1.0019541236				
360152	1.0027725887				
360155	1.0122502774				
360156	1.0033021838				
360159	0.9950143646				
360161	0.9942440445				
360163	1.0015345742				
360170	1.0082611196				
360172	1.0086806690				
360174	0.9989209881				
360175	0.9992098581				
360179	0.9930885643				
360180	1.0098017599				
360185	0.9968782642				
360189	1.0003653383				
360192	1.0071469066				
360197	0.9979099429				
360203	1.0081992189				
360210	1.0027485162				
360211	0.9977517522				
360218	1.0038317789				
360230	1.0046777555				
360234	1.0063490750				
360236	1.0026281537				
360239	1.0032540388				
360259	1.0093203098				
360262	1.0106202250				
360270	1.0069612044				
360276	0.9985014387				
360348	1.0024596462				
360352	1.0140224722				
360354	1.0008399105				
360355	1.0128669920				
360359	1.0081648296				
360360	0.9984189044				
370001	0.9951450439				
370002	0.9979099429				
370004	1.0075870895				
370006	1.0057575792				
370008	0.9940308309				
370013	0.9927309156				
370014	0.9993542932				
370015	1.0121608652				
370016	1.0113905451				
370018	0.9984395380				
370019	1.0098017599				
370020	0.9974284928				
370022	1.0080685396				
370023	1.0077315245				
370025	0.9941133652				
370026	1.0095128898				
370028	0.9924282899				
370029	1.0144718256				
370032	0.9985839730				
370034	0.9983913930				
370037	0.9949524639				
370039	1.0029651687				
370047	0.9951175325				
370048	1.0062871743				
370049	1.0035910538				
370054	1.0163976259				
370056	0.9992236139				
370078	0.9913553440				
370089	0.9980543779				
370091	0.9998907661				
370093	0.9919743512				
370094	1.0024218179				
370097	0.9950418760				
370099	1.0013282385				
370100	0.9863551410				
370106	0.9929785185				
370113	1.0085981347				
370114	0.9916992369				
370149	1.0041206489				
370153	0.9996431632				
370156	1.0061908843				
370166	0.9981025230				
370172	1.0218540602				
370173	1.0180666529				
370178	1.0214528518				
370180	1.0131237654				
370190	1.0127386053				
370202	1.0044370304				
370210	1.0170395594				
370211	1.0026762987				
370215	1.0122090103				
370218	1.0069130594				
370227	1.0132682004				
370228	1.0169753660				
370229	0.9986802630				
370234	1.0068889869				
370235	1.0110053851				
370236	1.0000283233				
380001	1.0074426545				
380002	1.0098980499				
380004	1.0049184805				
380005	1.0167827860				
380007	0.9906056574				
380009	1.0003309490				
380014	1.0008536663				
380017	1.0047946790				
380018	1.0018578336				
380020	1.0065829222				
380021	1.0029651687				
380022	1.0019541236				
380025	1.0059157699				
380027	1.0081166846				
380029	1.0090795847				
380033	1.0042650840				
380037	1.0110535301				
380038	1.0140866656				
380040	1.0111979651				
380047	1.0017065207				
380050	1.0088870047				
380051	1.0026556651				
380052	1.0039039964				
380056	0.9973963962				
380060	1.0139147191				
380061	1.0063421972				
380071	1.0179382662				
380075	1.0025868865				
380082	1.0040725039				
380089	1.0059501592				
380090	1.0058538692				
380091	1.0025593751				
380102	1.0017890550				
380103	1.0237156671				
390001	0.9929991521				
390002	0.9991135681				
390003	1.0084055546				
390004	0.9937901058				
390006	0.9953376239				
390008	1.0015689635				
390009	0.9903993217				
390012	1.0048909691				
390013	1.0061427393				
390016	1.0045539540				
390026	0.9906881917				
390027	0.9981369122				
390028	0.9952482118				
390030	1.0013763835				
390031	0.9955508375				
390032	0.9914103669				
390035	1.0033021838				
390036	0.9965962720				
390037	1.0013557499				
390039	1.0000764683				
390041	0.9980406222				
390042	0.9985702173				
390044	0.9979030651				
390045	0.9985358280				
390046	0.9940239530				
390048	1.0021467036				
390049	0.9990447895				
390050	0.9896771466				
390052	0.9984876830				
390056	0.9994024382				
390057	1.0016790093				
390058	1.0005097733				
390061	1.0013282385				
390062	1.0033021838				
390063	0.9919330841				
390065	1.0057816517				
390066	0.9923113663				
390067	1.0009637120				
390068	0.9926380646				
390070	1.0020263411				
390071	1.0008467884				
390072	0.9964655927				
390073	0.9931435871				
390076	0.9991135681				
390079	1.0026487873				
390080	1.0028688787				
390081	0.9975798057				
390084	1.0044576640				
390086	0.9975522943				
390090	1.0004066055				
390091	1.0091758748				
390093	0.9908486751				
390096	0.9945397924				
390097	0.9990723010				
390100	1.0032953059				
390101	0.9970433328				
390102	0.9961285776				
390104	1.0046502440				
390107	0.9918918169				
390110	0.9965206156				
390111	1.0059088921				
390112	1.0155310158				
390113	1.0067823801				
390114	1.0035910538				
390115	0.9975729279				
390116	0.9958878526				
390117	1.0018578336				
390118	0.9980062329				
390119	0.9948905631				
390123	0.9947117388				
390125	0.9971396228				
390127	0.9979718436				
390130	0.9998357432				
390133	0.9958672190				
390137	0.9959359976				
390138	1.0146162606				
390139	1.0096573248				
390142	0.9955302040				
390145	0.9978342865				
390146	1.0052761291				
390147	1.0028688787				
390150	0.9923251220				
390151	1.0031715045				
390153	1.0038592903				
390156	0.9943472123				
390157	0.9994987282				
390160	0.9948286624				
390162	0.9990172781				
390163	1.0057507013				
390164	0.9971877678				
390168	0.9948836853				
390173	1.0055168542				
390174	1.0032884281				
390178	1.0065416550				
390179	1.0111291865				
390180	0.9935081136				
390183	1.0094647448				
390184	0.9973322028				
390185	1.0006198191				
390192	1.0027244437				
390194	0.9941867290				
390195	1.0029307795				
390197	1.0012800935				
390198	0.9996431632				
390199	1.0054205641				
390201	0.9996087739				
390203	1.0029376573				
390204	0.9967544627				
390211	1.0032471609				
390217	0.9997875982				
390219	1.0012319485				
390220	0.9929991521				
390222	1.0041206489				
390223	1.0020985586				
390225	1.0012938492				
390226	0.9967819742				
390228	1.0034878860				
390231	0.9983913930				
390233	0.9983913930				
390236	1.0000283233				
390237	0.9935768922				
390256	0.9996844304				
390258	1.0006542084				
390263	1.0005579184				
390265	0.9934530908				
390266	0.9967544627				
390267	0.9894501773				
390268	1.0004753841				
390270	0.9960460433				
390290	0.9970708442				
390304	1.0092240198				
390312	1.0088870047				
390326	1.0108128050				
390328	1.0011356584				
390329	0.9982951030				
410001	1.0060464492				
410004	1.0050354041				
410005	1.0046020990				
410006	1.0038799239				
410007	0.9929991521				
410008	1.0206825316				
410009	0.9986458738				
410010	0.9947644691				
410011	1.0031302373				
410012	1.0089351497				
410013	1.0013282385				
420002	0.9906056574				
420004	0.9981437901				
420005	1.0129311854				
420007	0.9948768074				
420009	0.9958878526				
420010	1.0066241893				
420015	1.0047465340				
420018	0.9961629669				
420019	0.9882809414				
420020	1.0087666422				
420023	1.0019885129				
420026	1.0065278993				
420027	0.9964449591				
420030	1.0013763835				
420033	1.0171920186				
420036	1.0040243589				
420037	1.0011838035				
420038	1.0015208185				
420043	0.9971155503				
420048	1.0017615436				
420049	1.0001590026				
420051	1.0001590026				
420053	1.0128589679				
420055	1.0050594766				
420065	1.0032746724				
420067	1.0043269847				
420068	0.9987421638				
420070	1.0007917655				
420071	1.0015827192				
420072	1.0096573248				
420073	1.0041756718				
420078	0.9951244103				
420079	0.9904818560				
420080	1.0005372848				
420082	0.9931229536				
420083	0.9964174477				
420085	0.9981919351				
420086	0.9947392503				
420087	0.9996431632				
420089	1.0052761291				
420091	1.0109090950				
420098	1.0049253584				
420101	0.9974766379				
420103	1.0038799239				
420104	1.0134607805				
420105	1.0097054698				
420106	1.0008192770				
420107	1.0215009968				
430005	1.0036632714				
430008	1.0195751965				
430012	1.0071056394				
430013	1.0023392836				
430014	1.0107646600				
430015	1.0169753660				
430016	0.9992580031				
430027	0.9999045218				
430048	1.0139422305				
430077	0.9954751811				
430095	1.0067204794				
430097	1.0125460253				
440002	0.9942302888				
440003	0.9956471276				
440006	0.9889549715				
440007	0.9959841426				
440009	1.0045539540				
440010	1.0056131442				
440011	0.9980887672				
440012	1.0014933071				
440015	1.0000145676				
440017	0.9955508375				
440018	1.0007023534				
440020	0.9954064025				
440025	1.0002209033				
440029	1.0020160243				
440030	1.0013351163				
440031	1.0087425697				
440032	1.0119682852				
440033	0.9967544627				
440034	0.9983088587				
440035	0.9920912748				
440039	1.0017546657				
440046	1.0045539540				
440048	0.9976692179				
440049	0.9945535481				
440050	1.0062871743				
440053	0.9925383356				
440056	1.0013763835				
440057	0.9967544627				
440058	0.9991135681				
440059	0.9999320333				
440061	1.0004134833				
440063	0.9925245799				
440065	1.0073463645				
440067	0.9907844818				
440068	1.0018578336				
440072	0.9988487706				
440073	0.9996706746				
440081	1.0063353193				
440082	0.9938176173				
440083	0.9967544627				
440084	1.0005819909				
440091	1.0068167694				
440102	0.9957434176				
440104	0.9890443836				
440109	0.9998838882				
440110	1.0050835491				
440111	1.0070437387				
440120	0.9879439263				
440125	1.0032953059				
440130	1.0033984738				
440131	1.0029170237				
440132	1.0071056394				
440133	0.9939895637				
440137	0.9977173629				
440144	0.9959978983				
440148	0.9961767226				
440150	0.9944985252				
440151	0.9994987282				
440152	0.9888586814				
440153	1.0018096886				
440156	0.9917336262				
440159	1.0034947638				
440161	0.9980406222				
440173	1.0007848877				
440175	0.9981025230				
440176	1.0012388263				
440180	1.0079722496				
440182	0.9998838882				
440183	0.9921600534				
440184	1.0130274754				
440185	0.9918436719				
440187	0.9947805174				
440189	0.9989691331				
440193	0.9942990673				
440194	0.9962248676				
440197	1.0021467036				
440227	0.9987765531				
440228	0.9961354555				
450002	0.9901242074				
450007	1.0000283233				
450010	1.0005510405				
450011	0.9953101125				
450015	1.0054962206				
450018	0.9998288654				
450021	0.9970089435				
450023	1.0027450773				
450024	0.9903305431				
450028	0.9994849725				
450029	0.9923663892				
450032	1.0009912234				
450033	0.9986940188				
450034	0.9971946457				
450035	0.9956058604				
450039	0.9974353707				
450040	0.9992923924				
450042	0.9902823981				
450044	1.0096160577				
450046	0.9926277478				
450051	0.9940033194				
450054	1.0033503288				
450055	1.0101869199				
450056	1.0007848877				
450058	0.9931160757				
450064	0.9941064873				
450068	0.9967407070				
450072	1.0078759595				
450079	1.0011700477				
450080	1.0005097733				
450082	1.0041206489				
450083	0.9900966959				
450087	0.9996913082				
450090	0.9973322028				
450092	0.9985358280				
450097	0.9971189892				
450099	1.0118238502				
450101	0.9949593417				
450102	0.9982125687				
450104	0.9986321180				
450107	0.9938520065				
450108	0.9936731822				
450119	1.0027106880				
450124	0.9908326268				
450128	1.0089832947				
450130	1.0022429936				
450132	0.9884803992				
450133	0.9924489235				
450135	0.9955026925				
450137	1.0042857175				
450144	1.0300708082				
450147	0.9979236986				
450148	1.0034466188				
450154	1.0078759595				
450163	1.0022429936				
450165	0.9940824148				
450176	1.0061908843				
450184	1.0065416550				
450187	1.0010875134				
450192	1.0087425697				
450193	0.9980062329				
450194	1.0030614588				
450196	0.9934668465				
450200	1.0025181080				
450203	1.0032746724				
450209	0.9929510071				
450211	0.9974766379				
450213	0.9908463825				
450222	0.9952963568				
450229	0.9967750963				
450231	1.0009843456				
450235	0.9957273692				
450236	0.9916510919				
450237	0.9986183623				
450271	0.9922563434				
450272	1.0012594599				
450280	0.9948286624				
450289	0.9953032346				
450292	1.0036391989				
450299	0.9991857856				
450324	0.9978411643				
450330	0.9990172781				
450340	1.0028344894				
450347	0.9954820590				
450351	1.0042169390				
450352	1.0001933919				
450358	1.0058538692				
450369	1.0033021838				
450370	1.0075389445				
450372	1.0027313216				
450379	0.9999320333				
450388	0.9960116540				
450389	0.9999320333				
450395	0.9948768074				
450399	1.0133805388				
450403	0.9998632547				
450419	0.9986802630				
450424	0.9951450439				
450431	1.0071193951				
450447	0.9884494489				
450462	0.9949593417				
450465	0.9942990673				
450469	0.9983363701				
450475	1.0025800087				
450484	1.0008467884				
450508	0.9955508375				
450518	0.9965412491				
450537	1.0008192770				
450539	1.0035429088				
450558	0.9975316607				
450563	1.0013144828				
450565	0.9954064025				
450571	0.9996775525				
450573	1.0006542084				
450580	0.9986160697				
450587	0.9948768074				
450596	0.9971155503				
450597	1.0045058090				
450604	1.0145199706				
450610	1.0023874287				
450617	1.0019266121				
450634	1.0038317789				
450638	0.9947323724				
450639	0.9956058604				
450643	0.9980887672				
450644	0.9971533785				
450647	0.9990379117				
450651	0.9933224115				
450653	1.0033503288				
450654	1.0095289382				
450656	0.9989691331				
450659	1.0023874287				
450661	0.9908532603				
450662	0.9972840578				
450668	0.9929510071				
450669	1.0029376573				
450670	1.0037905117				
450672	1.0031096038				
450674	0.9981025230				
450675	0.9912521761				
450677	1.0007367427				
450678	0.9964793484				
450684	0.9978205308				
450686	0.9986183623				
450688	0.9996431632				
450690	1.0063834643				
450697	0.9962111119				
450702	1.0044782976				
450709	1.0042169390				
450711	1.0080822953				
450713	0.9973872257				
450716	0.9950831432				
450718	0.9982400801				
450723	0.9939276630				
450730	0.9916167026				
450742	0.9988453316				
450743	0.9945054031				
450747	0.9987284081				
450754	1.0052279841				
450755	1.0056612892				
450766	1.0017615436				
450771	0.9977173629				
450775	0.9967063177				
450779	1.0042582061				
450788	0.9965825163				
450801	1.0095747905				
450809	1.0009843456				
450820	1.0071331509				
450822	1.0048428241				
450828	1.0091277298				
450833	1.0013763835				
450840	0.9936731822				
450844	1.0105445686				
450847	1.0036942217				
450848	0.9989347438				
450851	1.0067686244				
450853	1.0084055546				
450855	1.0105720800				
450862	0.9913278326				
450867	1.0058538692				
450869	1.0043613740				
450876	1.0058297967				
450885	0.9985839730				
450890	0.9976692179				
450891	1.0177456862				
460001	1.0003790940				
460003	1.0031096038				
460004	0.9940377087				
460005	0.9911146190				
460006	0.9970639664				
460007	1.0130756204				
460009	0.9966512949				
460010	0.9928409614				
460011	1.0007023534				
460013	1.0005579184				
460014	0.9979580879				
460015	1.0074667270				
460017	0.9970112361				
460019	1.0058057242				
460021	1.0011631699				
460023	0.9932158047				
460026	0.9978617979				
460030	1.0058538692				
460041	0.9889549715				
460042	1.0025800087				
460044	1.0015208185				
460047	0.9935631365				
460051	0.9929372514				
460052	0.9976210729				
460057	1.0072821711				
460058	0.9964655927				
460060	1.0053563708				
470001	1.0028688787				
470003	0.9950418760				
470005	1.0024149401				
470011	1.0103795000				
470012	1.0083814821				
470024	1.0078278145				
490001	1.0100184124				
490002	1.0031096038				
490004	1.0075595781				
490005	0.9974835157				
490007	0.9987834309				
490009	0.9968163635				
490011	0.9993061482				
490013	1.0087184972				
490017	1.0012869713				
490018	1.0039830918				
490019	1.0061668118				
490020	0.9949249524				
490021	1.0074357766				
490022	0.9971465007				
490023	0.9956471276				
490024	0.9978686758				
490032	0.9969401649				
490033	1.0081648296				
490037	1.0112461101				
490038	1.0101066782				
490040	1.0008055213				
490041	1.0103451107				
490042	1.0099805842				
490043	1.0044645418				
490044	1.0102625764				
490045	0.9924351677				
490046	1.0091346076				
490048	0.9957846847				
490050	1.0064384872				
490052	1.0008742998				
490053	1.0013695056				
490057	1.0043613740				
490059	0.9993474153				
490060	1.0126904603				
490063	0.9989347438				
490066	1.0184747391				
490067	0.9926896485				
490069	0.9987559195				
490075	0.9938451287				
490077	1.0074907995				
490079	0.9998357432				
490084	1.0077315245				
490088	1.0077315245				
490089	1.0027244437				
490090	1.0092721648				
490092	1.0110535301				
490093	0.9969470428				
490097	0.9982309096				
490098	0.9989932056				
490101	1.0063009300				
490107	0.9988728431				
490110	0.9977655079				
490111	0.9978617979				
490112	0.9958465854				
490113	1.0042444504				
490114	1.0045780265				
490115	1.0015208185				
490116	1.0006702567				
490117	0.9942509223				
490118	0.9967269513				
490119	1.0087150583				
490120	0.9951037768				
490122	1.0063353193				
490126	1.0010875134				
490127	1.0002209033				
490130	1.0092721648				
490136	0.9993061482				
490140	1.0113905451				
490141	0.9942509223				
490143	1.0078599112				
490144	0.9993542932				
500001	1.0064728765				
500002	1.0071537844				
500003	1.0029926802				
500005	1.0067686244				
500007	1.0007504984				
500008	1.0028344894				
500011	0.9937832280				
500012	1.0080926121				
500014	1.0006335748				
500015	0.9953032346				
500016	1.0082611196				
500019	1.0171679461				
500021	0.9988246981				
500024	0.9998632547				
500025	1.0002209033				
500026	1.0010806356				
500027	0.9989828888				
500030	0.9966788063				
500031	0.9962970852				
500033	1.0104276450				
500036	0.9994712167				
500037	1.0124978803				
500039	0.9947530060				
500041	1.0018715893				
500044	0.9923251220				
500049	1.0124497353				
500050	0.9978549201				
500051	1.0086737911				
500053	0.9998563768				
500054	0.9932123657				
500058	0.9993405374				
500060	1.0059501592				
500064	0.9958878526				
500072	1.0023874287				
500077	0.9924282899				
500079	1.0015070628				
500084	0.9981025230				
500088	1.0071606623				
500108	0.9991066903				
500119	0.9955989825				
500124	1.0022842608				
500129	1.0022429936				
500139	1.0100906299				
500141	0.9991754688				
500150	1.0100012178				
500151	1.0049872591				
500152	1.0011597310				
510001	0.9919193284				
510002	1.0004616283				
510006	1.0007642541				
510007	1.0004409948				
510008	0.9973322028				
510013	0.9981667163				
510022	0.9962592569				
510023	0.9992717589				
510024	1.0031783824				
510029	1.0059226478				
510030	1.0120886477				
510038	1.0083092646				
510039	0.9962523791				
510046	0.9916648476				
510047	1.0013763835				
510048	1.0076352345				
510050	0.9957296619				
510055	0.9950281203				
510058	1.0018578336				
510062	1.0140866656				
510070	0.9972496685				
510071	0.9990172781				
510077	1.0106202250				
510082	1.0014486010				
510086	1.0172321394				
520002	1.0202251541				
520004	1.0033915960				
520008	0.9971533785				
520009	1.0064109757				
520011	1.0107646600				
520013	1.0022154822				
520017	1.0127867503				
520019	1.0153143633				
520021	0.9918230384				
520027	0.9982951030				
520028	1.0045298815				
520030	1.0073050973				
520033	1.0065760443				
520034	1.0201047915				
520035	1.0161328284				
520037	0.9973390807				
520038	1.0135089255				
520041	1.0032058938				
520044	1.0102591374				
520045	1.0003653383				
520048	1.0026281537				
520049	1.0041000154				
520051	1.0005235291				
520057	1.0146162606				
520059	1.0062390293				
520062	1.0009671509				
520063	1.0087425697				
520066	1.0037836339				
520070	1.0042513282				
520071	1.0127145328				
520075	0.9969745542				
520076	1.0094647448				
520078	1.0026487873				
520083	1.0063834643				
520087	1.0071125173				
520088	0.9991892246				
520089	1.0126629489				
520091	1.0172160911				
520095	1.0147606957				
520096	0.9881365063				
520097	1.0083574096				
520098	1.0037354889				
520100	1.0007504984				
520102	1.0006301359				
520103	1.0011838035				
520107	1.0007986434				
520109	1.0054205641				
520113	1.0083092646				
520116	1.0073463645				
520136	0.9980887672				
520138	1.0024630851				
520139	1.0004203612				
520160	0.9945397924				
520177	0.9999526668				
520189	1.0053724191				
520193	1.0048565798				
520198	1.0135570705				
520202	1.0069887158				
520204	1.0044576640				
520206	1.0036873439				
520207	1.0101318971				
520208	1.0101869199				
530002	0.9994505832				
530006	1.0012319485				
530008	1.0168309310				
530011	1.0008949334				
530012	0.9973597143				
530014	0.9928272057				
530015	1.0130274754				
530025	1.0037354889				
670004	1.0034947638				
670023	0.9942234109				
670024	1.0008949334				
670025	1.0060945943				
670031	1.0025800087				
670034	1.0072019294				
670041	1.0027450773				
670043	0.9994024382				
670044	0.9999801783				
670047	0.9896152459				
670055	1.0034741303				
670056	1.0006198191				
670060	1.0038317789				
670061	1.0157556925				
670068	1.0020504136				
670071	1.0075148720				
670073	1.0092079714				
670075	1.0021467036				
670077	1.0009430784				
670080	1.0068167694				
670082	1.0016721314				
670085	1.0075389445				
670088	1.0129793304				
670096	1.0031096038				
670098	1.0024837187				
670103	1.0034305705				
670106	0.9954705959				
670108	1.0082450713				
"*We note that these updated proxy adjustment factors will not be used to adjust hospital payments. These updated proxy value based incentive payment adjustment factors were calculated using the historical baseline and performance periods for the FY 2018 Hospital Value-Based Purchasing (VBP) Program.  These updated proxy factors were calculated using the March 2018 update to the FY 2017 MedPAR file. The slope of the linear exchange function used to calculate these proxy factors was 2.8887004713, and the estimated amount available for value-based incentive payments to hospitals for FY 2019 is approximately $1.9 billion. We will add a new table, Table 16B to display the actual value-based incentive payment adjustment factors, exchange function slope, and estimated amount available for the FY 2019 Hospital VBP Program. We expect that Table 16B will be posted in the fall of 2018, as discussed in the FY 2019 IPPS/LTCH PPS final rule preamble."					
